int_decrescente
10000000
9999999
9999998
9999997
9999996
9999995
9999994
9999993
9999992
9999991
9999990
9999989
9999988
9999987
9999986
9999985
9999984
9999983
9999982
9999981
9999980
9999979
9999978
9999977
9999976
9999975
9999974
9999973
9999972
9999971
9999970
9999969
9999968
9999967
9999966
9999965
9999964
9999963
9999962
9999961
9999960
9999959
9999958
9999957
9999956
9999955
9999954
9999953
9999952
9999951
9999950
9999949
9999948
9999947
9999946
9999945
9999944
9999943
9999942
9999941
9999940
9999939
9999938
9999937
9999936
9999935
9999934
9999933
9999932
9999931
9999930
9999929
9999928
9999927
9999926
9999925
9999924
9999923
9999922
9999921
9999920
9999919
9999918
9999917
9999916
9999915
9999914
9999913
9999912
9999911
9999910
9999909
9999908
9999907
9999906
9999905
9999904
9999903
9999902
9999901
9999900
9999899
9999898
9999897
9999896
9999895
9999894
9999893
9999892
9999891
9999890
9999889
9999888
9999887
9999886
9999885
9999884
9999883
9999882
9999881
9999880
9999879
9999878
9999877
9999876
9999875
9999874
9999873
9999872
9999871
9999870
9999869
9999868
9999867
9999866
9999865
9999864
9999863
9999862
9999861
9999860
9999859
9999858
9999857
9999856
9999855
9999854
9999853
9999852
9999851
9999850
9999849
9999848
9999847
9999846
9999845
9999844
9999843
9999842
9999841
9999840
9999839
9999838
9999837
9999836
9999835
9999834
9999833
9999832
9999831
9999830
9999829
9999828
9999827
9999826
9999825
9999824
9999823
9999822
9999821
9999820
9999819
9999818
9999817
9999816
9999815
9999814
9999813
9999812
9999811
9999810
9999809
9999808
9999807
9999806
9999805
9999804
9999803
9999802
9999801
9999800
9999799
9999798
9999797
9999796
9999795
9999794
9999793
9999792
9999791
9999790
9999789
9999788
9999787
9999786
9999785
9999784
9999783
9999782
9999781
9999780
9999779
9999778
9999777
9999776
9999775
9999774
9999773
9999772
9999771
9999770
9999769
9999768
9999767
9999766
9999765
9999764
9999763
9999762
9999761
9999760
9999759
9999758
9999757
9999756
9999755
9999754
9999753
9999752
9999751
9999750
9999749
9999748
9999747
9999746
9999745
9999744
9999743
9999742
9999741
9999740
9999739
9999738
9999737
9999736
9999735
9999734
9999733
9999732
9999731
9999730
9999729
9999728
9999727
9999726
9999725
9999724
9999723
9999722
9999721
9999720
9999719
9999718
9999717
9999716
9999715
9999714
9999713
9999712
9999711
9999710
9999709
9999708
9999707
9999706
9999705
9999704
9999703
9999702
9999701
9999700
9999699
9999698
9999697
9999696
9999695
9999694
9999693
9999692
9999691
9999690
9999689
9999688
9999687
9999686
9999685
9999684
9999683
9999682
9999681
9999680
9999679
9999678
9999677
9999676
9999675
9999674
9999673
9999672
9999671
9999670
9999669
9999668
9999667
9999666
9999665
9999664
9999663
9999662
9999661
9999660
9999659
9999658
9999657
9999656
9999655
9999654
9999653
9999652
9999651
9999650
9999649
9999648
9999647
9999646
9999645
9999644
9999643
9999642
9999641
9999640
9999639
9999638
9999637
9999636
9999635
9999634
9999633
9999632
9999631
9999630
9999629
9999628
9999627
9999626
9999625
9999624
9999623
9999622
9999621
9999620
9999619
9999618
9999617
9999616
9999615
9999614
9999613
9999612
9999611
9999610
9999609
9999608
9999607
9999606
9999605
9999604
9999603
9999602
9999601
9999600
9999599
9999598
9999597
9999596
9999595
9999594
9999593
9999592
9999591
9999590
9999589
9999588
9999587
9999586
9999585
9999584
9999583
9999582
9999581
9999580
9999579
9999578
9999577
9999576
9999575
9999574
9999573
9999572
9999571
9999570
9999569
9999568
9999567
9999566
9999565
9999564
9999563
9999562
9999561
9999560
9999559
9999558
9999557
9999556
9999555
9999554
9999553
9999552
9999551
9999550
9999549
9999548
9999547
9999546
9999545
9999544
9999543
9999542
9999541
9999540
9999539
9999538
9999537
9999536
9999535
9999534
9999533
9999532
9999531
9999530
9999529
9999528
9999527
9999526
9999525
9999524
9999523
9999522
9999521
9999520
9999519
9999518
9999517
9999516
9999515
9999514
9999513
9999512
9999511
9999510
9999509
9999508
9999507
9999506
9999505
9999504
9999503
9999502
9999501
9999500
9999499
9999498
9999497
9999496
9999495
9999494
9999493
9999492
9999491
9999490
9999489
9999488
9999487
9999486
9999485
9999484
9999483
9999482
9999481
9999480
9999479
9999478
9999477
9999476
9999475
9999474
9999473
9999472
9999471
9999470
9999469
9999468
9999467
9999466
9999465
9999464
9999463
9999462
9999461
9999460
9999459
9999458
9999457
9999456
9999455
9999454
9999453
9999452
9999451
9999450
9999449
9999448
9999447
9999446
9999445
9999444
9999443
9999442
9999441
9999440
9999439
9999438
9999437
9999436
9999435
9999434
9999433
9999432
9999431
9999430
9999429
9999428
9999427
9999426
9999425
9999424
9999423
9999422
9999421
9999420
9999419
9999418
9999417
9999416
9999415
9999414
9999413
9999412
9999411
9999410
9999409
9999408
9999407
9999406
9999405
9999404
9999403
9999402
9999401
9999400
9999399
9999398
9999397
9999396
9999395
9999394
9999393
9999392
9999391
9999390
9999389
9999388
9999387
9999386
9999385
9999384
9999383
9999382
9999381
9999380
9999379
9999378
9999377
9999376
9999375
9999374
9999373
9999372
9999371
9999370
9999369
9999368
9999367
9999366
9999365
9999364
9999363
9999362
9999361
9999360
9999359
9999358
9999357
9999356
9999355
9999354
9999353
9999352
9999351
9999350
9999349
9999348
9999347
9999346
9999345
9999344
9999343
9999342
9999341
9999340
9999339
9999338
9999337
9999336
9999335
9999334
9999333
9999332
9999331
9999330
9999329
9999328
9999327
9999326
9999325
9999324
9999323
9999322
9999321
9999320
9999319
9999318
9999317
9999316
9999315
9999314
9999313
9999312
9999311
9999310
9999309
9999308
9999307
9999306
9999305
9999304
9999303
9999302
9999301
9999300
9999299
9999298
9999297
9999296
9999295
9999294
9999293
9999292
9999291
9999290
9999289
9999288
9999287
9999286
9999285
9999284
9999283
9999282
9999281
9999280
9999279
9999278
9999277
9999276
9999275
9999274
9999273
9999272
9999271
9999270
9999269
9999268
9999267
9999266
9999265
9999264
9999263
9999262
9999261
9999260
9999259
9999258
9999257
9999256
9999255
9999254
9999253
9999252
9999251
9999250
9999249
9999248
9999247
9999246
9999245
9999244
9999243
9999242
9999241
9999240
9999239
9999238
9999237
9999236
9999235
9999234
9999233
9999232
9999231
9999230
9999229
9999228
9999227
9999226
9999225
9999224
9999223
9999222
9999221
9999220
9999219
9999218
9999217
9999216
9999215
9999214
9999213
9999212
9999211
9999210
9999209
9999208
9999207
9999206
9999205
9999204
9999203
9999202
9999201
9999200
9999199
9999198
9999197
9999196
9999195
9999194
9999193
9999192
9999191
9999190
9999189
9999188
9999187
9999186
9999185
9999184
9999183
9999182
9999181
9999180
9999179
9999178
9999177
9999176
9999175
9999174
9999173
9999172
9999171
9999170
9999169
9999168
9999167
9999166
9999165
9999164
9999163
9999162
9999161
9999160
9999159
9999158
9999157
9999156
9999155
9999154
9999153
9999152
9999151
9999150
9999149
9999148
9999147
9999146
9999145
9999144
9999143
9999142
9999141
9999140
9999139
9999138
9999137
9999136
9999135
9999134
9999133
9999132
9999131
9999130
9999129
9999128
9999127
9999126
9999125
9999124
9999123
9999122
9999121
9999120
9999119
9999118
9999117
9999116
9999115
9999114
9999113
9999112
9999111
9999110
9999109
9999108
9999107
9999106
9999105
9999104
9999103
9999102
9999101
9999100
9999099
9999098
9999097
9999096
9999095
9999094
9999093
9999092
9999091
9999090
9999089
9999088
9999087
9999086
9999085
9999084
9999083
9999082
9999081
9999080
9999079
9999078
9999077
9999076
9999075
9999074
9999073
9999072
9999071
9999070
9999069
9999068
9999067
9999066
9999065
9999064
9999063
9999062
9999061
9999060
9999059
9999058
9999057
9999056
9999055
9999054
9999053
9999052
9999051
9999050
9999049
9999048
9999047
9999046
9999045
9999044
9999043
9999042
9999041
9999040
9999039
9999038
9999037
9999036
9999035
9999034
9999033
9999032
9999031
9999030
9999029
9999028
9999027
9999026
9999025
9999024
9999023
9999022
9999021
9999020
9999019
9999018
9999017
9999016
9999015
9999014
9999013
9999012
9999011
9999010
9999009
9999008
9999007
9999006
9999005
9999004
9999003
9999002
9999001
9999000
9998999
9998998
9998997
9998996
9998995
9998994
9998993
9998992
9998991
9998990
9998989
9998988
9998987
9998986
9998985
9998984
9998983
9998982
9998981
9998980
9998979
9998978
9998977
9998976
9998975
9998974
9998973
9998972
9998971
9998970
9998969
9998968
9998967
9998966
9998965
9998964
9998963
9998962
9998961
9998960
9998959
9998958
9998957
9998956
9998955
9998954
9998953
9998952
9998951
9998950
9998949
9998948
9998947
9998946
9998945
9998944
9998943
9998942
9998941
9998940
9998939
9998938
9998937
9998936
9998935
9998934
9998933
9998932
9998931
9998930
9998929
9998928
9998927
9998926
9998925
9998924
9998923
9998922
9998921
9998920
9998919
9998918
9998917
9998916
9998915
9998914
9998913
9998912
9998911
9998910
9998909
9998908
9998907
9998906
9998905
9998904
9998903
9998902
9998901
9998900
9998899
9998898
9998897
9998896
9998895
9998894
9998893
9998892
9998891
9998890
9998889
9998888
9998887
9998886
9998885
9998884
9998883
9998882
9998881
9998880
9998879
9998878
9998877
9998876
9998875
9998874
9998873
9998872
9998871
9998870
9998869
9998868
9998867
9998866
9998865
9998864
9998863
9998862
9998861
9998860
9998859
9998858
9998857
9998856
9998855
9998854
9998853
9998852
9998851
9998850
9998849
9998848
9998847
9998846
9998845
9998844
9998843
9998842
9998841
9998840
9998839
9998838
9998837
9998836
9998835
9998834
9998833
9998832
9998831
9998830
9998829
9998828
9998827
9998826
9998825
9998824
9998823
9998822
9998821
9998820
9998819
9998818
9998817
9998816
9998815
9998814
9998813
9998812
9998811
9998810
9998809
9998808
9998807
9998806
9998805
9998804
9998803
9998802
9998801
9998800
9998799
9998798
9998797
9998796
9998795
9998794
9998793
9998792
9998791
9998790
9998789
9998788
9998787
9998786
9998785
9998784
9998783
9998782
9998781
9998780
9998779
9998778
9998777
9998776
9998775
9998774
9998773
9998772
9998771
9998770
9998769
9998768
9998767
9998766
9998765
9998764
9998763
9998762
9998761
9998760
9998759
9998758
9998757
9998756
9998755
9998754
9998753
9998752
9998751
9998750
9998749
9998748
9998747
9998746
9998745
9998744
9998743
9998742
9998741
9998740
9998739
9998738
9998737
9998736
9998735
9998734
9998733
9998732
9998731
9998730
9998729
9998728
9998727
9998726
9998725
9998724
9998723
9998722
9998721
9998720
9998719
9998718
9998717
9998716
9998715
9998714
9998713
9998712
9998711
9998710
9998709
9998708
9998707
9998706
9998705
9998704
9998703
9998702
9998701
9998700
9998699
9998698
9998697
9998696
9998695
9998694
9998693
9998692
9998691
9998690
9998689
9998688
9998687
9998686
9998685
9998684
9998683
9998682
9998681
9998680
9998679
9998678
9998677
9998676
9998675
9998674
9998673
9998672
9998671
9998670
9998669
9998668
9998667
9998666
9998665
9998664
9998663
9998662
9998661
9998660
9998659
9998658
9998657
9998656
9998655
9998654
9998653
9998652
9998651
9998650
9998649
9998648
9998647
9998646
9998645
9998644
9998643
9998642
9998641
9998640
9998639
9998638
9998637
9998636
9998635
9998634
9998633
9998632
9998631
9998630
9998629
9998628
9998627
9998626
9998625
9998624
9998623
9998622
9998621
9998620
9998619
9998618
9998617
9998616
9998615
9998614
9998613
9998612
9998611
9998610
9998609
9998608
9998607
9998606
9998605
9998604
9998603
9998602
9998601
9998600
9998599
9998598
9998597
9998596
9998595
9998594
9998593
9998592
9998591
9998590
9998589
9998588
9998587
9998586
9998585
9998584
9998583
9998582
9998581
9998580
9998579
9998578
9998577
9998576
9998575
9998574
9998573
9998572
9998571
9998570
9998569
9998568
9998567
9998566
9998565
9998564
9998563
9998562
9998561
9998560
9998559
9998558
9998557
9998556
9998555
9998554
9998553
9998552
9998551
9998550
9998549
9998548
9998547
9998546
9998545
9998544
9998543
9998542
9998541
9998540
9998539
9998538
9998537
9998536
9998535
9998534
9998533
9998532
9998531
9998530
9998529
9998528
9998527
9998526
9998525
9998524
9998523
9998522
9998521
9998520
9998519
9998518
9998517
9998516
9998515
9998514
9998513
9998512
9998511
9998510
9998509
9998508
9998507
9998506
9998505
9998504
9998503
9998502
9998501
9998500
9998499
9998498
9998497
9998496
9998495
9998494
9998493
9998492
9998491
9998490
9998489
9998488
9998487
9998486
9998485
9998484
9998483
9998482
9998481
9998480
9998479
9998478
9998477
9998476
9998475
9998474
9998473
9998472
9998471
9998470
9998469
9998468
9998467
9998466
9998465
9998464
9998463
9998462
9998461
9998460
9998459
9998458
9998457
9998456
9998455
9998454
9998453
9998452
9998451
9998450
9998449
9998448
9998447
9998446
9998445
9998444
9998443
9998442
9998441
9998440
9998439
9998438
9998437
9998436
9998435
9998434
9998433
9998432
9998431
9998430
9998429
9998428
9998427
9998426
9998425
9998424
9998423
9998422
9998421
9998420
9998419
9998418
9998417
9998416
9998415
9998414
9998413
9998412
9998411
9998410
9998409
9998408
9998407
9998406
9998405
9998404
9998403
9998402
9998401
9998400
9998399
9998398
9998397
9998396
9998395
9998394
9998393
9998392
9998391
9998390
9998389
9998388
9998387
9998386
9998385
9998384
9998383
9998382
9998381
9998380
9998379
9998378
9998377
9998376
9998375
9998374
9998373
9998372
9998371
9998370
9998369
9998368
9998367
9998366
9998365
9998364
9998363
9998362
9998361
9998360
9998359
9998358
9998357
9998356
9998355
9998354
9998353
9998352
9998351
9998350
9998349
9998348
9998347
9998346
9998345
9998344
9998343
9998342
9998341
9998340
9998339
9998338
9998337
9998336
9998335
9998334
9998333
9998332
9998331
9998330
9998329
9998328
9998327
9998326
9998325
9998324
9998323
9998322
9998321
9998320
9998319
9998318
9998317
9998316
9998315
9998314
9998313
9998312
9998311
9998310
9998309
9998308
9998307
9998306
9998305
9998304
9998303
9998302
9998301
9998300
9998299
9998298
9998297
9998296
9998295
9998294
9998293
9998292
9998291
9998290
9998289
9998288
9998287
9998286
9998285
9998284
9998283
9998282
9998281
9998280
9998279
9998278
9998277
9998276
9998275
9998274
9998273
9998272
9998271
9998270
9998269
9998268
9998267
9998266
9998265
9998264
9998263
9998262
9998261
9998260
9998259
9998258
9998257
9998256
9998255
9998254
9998253
9998252
9998251
9998250
9998249
9998248
9998247
9998246
9998245
9998244
9998243
9998242
9998241
9998240
9998239
9998238
9998237
9998236
9998235
9998234
9998233
9998232
9998231
9998230
9998229
9998228
9998227
9998226
9998225
9998224
9998223
9998222
9998221
9998220
9998219
9998218
9998217
9998216
9998215
9998214
9998213
9998212
9998211
9998210
9998209
9998208
9998207
9998206
9998205
9998204
9998203
9998202
9998201
9998200
9998199
9998198
9998197
9998196
9998195
9998194
9998193
9998192
9998191
9998190
9998189
9998188
9998187
9998186
9998185
9998184
9998183
9998182
9998181
9998180
9998179
9998178
9998177
9998176
9998175
9998174
9998173
9998172
9998171
9998170
9998169
9998168
9998167
9998166
9998165
9998164
9998163
9998162
9998161
9998160
9998159
9998158
9998157
9998156
9998155
9998154
9998153
9998152
9998151
9998150
9998149
9998148
9998147
9998146
9998145
9998144
9998143
9998142
9998141
9998140
9998139
9998138
9998137
9998136
9998135
9998134
9998133
9998132
9998131
9998130
9998129
9998128
9998127
9998126
9998125
9998124
9998123
9998122
9998121
9998120
9998119
9998118
9998117
9998116
9998115
9998114
9998113
9998112
9998111
9998110
9998109
9998108
9998107
9998106
9998105
9998104
9998103
9998102
9998101
9998100
9998099
9998098
9998097
9998096
9998095
9998094
9998093
9998092
9998091
9998090
9998089
9998088
9998087
9998086
9998085
9998084
9998083
9998082
9998081
9998080
9998079
9998078
9998077
9998076
9998075
9998074
9998073
9998072
9998071
9998070
9998069
9998068
9998067
9998066
9998065
9998064
9998063
9998062
9998061
9998060
9998059
9998058
9998057
9998056
9998055
9998054
9998053
9998052
9998051
9998050
9998049
9998048
9998047
9998046
9998045
9998044
9998043
9998042
9998041
9998040
9998039
9998038
9998037
9998036
9998035
9998034
9998033
9998032
9998031
9998030
9998029
9998028
9998027
9998026
9998025
9998024
9998023
9998022
9998021
9998020
9998019
9998018
9998017
9998016
9998015
9998014
9998013
9998012
9998011
9998010
9998009
9998008
9998007
9998006
9998005
9998004
9998003
9998002
9998001
9998000
9997999
9997998
9997997
9997996
9997995
9997994
9997993
9997992
9997991
9997990
9997989
9997988
9997987
9997986
9997985
9997984
9997983
9997982
9997981
9997980
9997979
9997978
9997977
9997976
9997975
9997974
9997973
9997972
9997971
9997970
9997969
9997968
9997967
9997966
9997965
9997964
9997963
9997962
9997961
9997960
9997959
9997958
9997957
9997956
9997955
9997954
9997953
9997952
9997951
9997950
9997949
9997948
9997947
9997946
9997945
9997944
9997943
9997942
9997941
9997940
9997939
9997938
9997937
9997936
9997935
9997934
9997933
9997932
9997931
9997930
9997929
9997928
9997927
9997926
9997925
9997924
9997923
9997922
9997921
9997920
9997919
9997918
9997917
9997916
9997915
9997914
9997913
9997912
9997911
9997910
9997909
9997908
9997907
9997906
9997905
9997904
9997903
9997902
9997901
9997900
9997899
9997898
9997897
9997896
9997895
9997894
9997893
9997892
9997891
9997890
9997889
9997888
9997887
9997886
9997885
9997884
9997883
9997882
9997881
9997880
9997879
9997878
9997877
9997876
9997875
9997874
9997873
9997872
9997871
9997870
9997869
9997868
9997867
9997866
9997865
9997864
9997863
9997862
9997861
9997860
9997859
9997858
9997857
9997856
9997855
9997854
9997853
9997852
9997851
9997850
9997849
9997848
9997847
9997846
9997845
9997844
9997843
9997842
9997841
9997840
9997839
9997838
9997837
9997836
9997835
9997834
9997833
9997832
9997831
9997830
9997829
9997828
9997827
9997826
9997825
9997824
9997823
9997822
9997821
9997820
9997819
9997818
9997817
9997816
9997815
9997814
9997813
9997812
9997811
9997810
9997809
9997808
9997807
9997806
9997805
9997804
9997803
9997802
9997801
9997800
9997799
9997798
9997797
9997796
9997795
9997794
9997793
9997792
9997791
9997790
9997789
9997788
9997787
9997786
9997785
9997784
9997783
9997782
9997781
9997780
9997779
9997778
9997777
9997776
9997775
9997774
9997773
9997772
9997771
9997770
9997769
9997768
9997767
9997766
9997765
9997764
9997763
9997762
9997761
9997760
9997759
9997758
9997757
9997756
9997755
9997754
9997753
9997752
9997751
9997750
9997749
9997748
9997747
9997746
9997745
9997744
9997743
9997742
9997741
9997740
9997739
9997738
9997737
9997736
9997735
9997734
9997733
9997732
9997731
9997730
9997729
9997728
9997727
9997726
9997725
9997724
9997723
9997722
9997721
9997720
9997719
9997718
9997717
9997716
9997715
9997714
9997713
9997712
9997711
9997710
9997709
9997708
9997707
9997706
9997705
9997704
9997703
9997702
9997701
9997700
9997699
9997698
9997697
9997696
9997695
9997694
9997693
9997692
9997691
9997690
9997689
9997688
9997687
9997686
9997685
9997684
9997683
9997682
9997681
9997680
9997679
9997678
9997677
9997676
9997675
9997674
9997673
9997672
9997671
9997670
9997669
9997668
9997667
9997666
9997665
9997664
9997663
9997662
9997661
9997660
9997659
9997658
9997657
9997656
9997655
9997654
9997653
9997652
9997651
9997650
9997649
9997648
9997647
9997646
9997645
9997644
9997643
9997642
9997641
9997640
9997639
9997638
9997637
9997636
9997635
9997634
9997633
9997632
9997631
9997630
9997629
9997628
9997627
9997626
9997625
9997624
9997623
9997622
9997621
9997620
9997619
9997618
9997617
9997616
9997615
9997614
9997613
9997612
9997611
9997610
9997609
9997608
9997607
9997606
9997605
9997604
9997603
9997602
9997601
9997600
9997599
9997598
9997597
9997596
9997595
9997594
9997593
9997592
9997591
9997590
9997589
9997588
9997587
9997586
9997585
9997584
9997583
9997582
9997581
9997580
9997579
9997578
9997577
9997576
9997575
9997574
9997573
9997572
9997571
9997570
9997569
9997568
9997567
9997566
9997565
9997564
9997563
9997562
9997561
9997560
9997559
9997558
9997557
9997556
9997555
9997554
9997553
9997552
9997551
9997550
9997549
9997548
9997547
9997546
9997545
9997544
9997543
9997542
9997541
9997540
9997539
9997538
9997537
9997536
9997535
9997534
9997533
9997532
9997531
9997530
9997529
9997528
9997527
9997526
9997525
9997524
9997523
9997522
9997521
9997520
9997519
9997518
9997517
9997516
9997515
9997514
9997513
9997512
9997511
9997510
9997509
9997508
9997507
9997506
9997505
9997504
9997503
9997502
9997501
9997500
9997499
9997498
9997497
9997496
9997495
9997494
9997493
9997492
9997491
9997490
9997489
9997488
9997487
9997486
9997485
9997484
9997483
9997482
9997481
9997480
9997479
9997478
9997477
9997476
9997475
9997474
9997473
9997472
9997471
9997470
9997469
9997468
9997467
9997466
9997465
9997464
9997463
9997462
9997461
9997460
9997459
9997458
9997457
9997456
9997455
9997454
9997453
9997452
9997451
9997450
9997449
9997448
9997447
9997446
9997445
9997444
9997443
9997442
9997441
9997440
9997439
9997438
9997437
9997436
9997435
9997434
9997433
9997432
9997431
9997430
9997429
9997428
9997427
9997426
9997425
9997424
9997423
9997422
9997421
9997420
9997419
9997418
9997417
9997416
9997415
9997414
9997413
9997412
9997411
9997410
9997409
9997408
9997407
9997406
9997405
9997404
9997403
9997402
9997401
9997400
9997399
9997398
9997397
9997396
9997395
9997394
9997393
9997392
9997391
9997390
9997389
9997388
9997387
9997386
9997385
9997384
9997383
9997382
9997381
9997380
9997379
9997378
9997377
9997376
9997375
9997374
9997373
9997372
9997371
9997370
9997369
9997368
9997367
9997366
9997365
9997364
9997363
9997362
9997361
9997360
9997359
9997358
9997357
9997356
9997355
9997354
9997353
9997352
9997351
9997350
9997349
9997348
9997347
9997346
9997345
9997344
9997343
9997342
9997341
9997340
9997339
9997338
9997337
9997336
9997335
9997334
9997333
9997332
9997331
9997330
9997329
9997328
9997327
9997326
9997325
9997324
9997323
9997322
9997321
9997320
9997319
9997318
9997317
9997316
9997315
9997314
9997313
9997312
9997311
9997310
9997309
9997308
9997307
9997306
9997305
9997304
9997303
9997302
9997301
9997300
9997299
9997298
9997297
9997296
9997295
9997294
9997293
9997292
9997291
9997290
9997289
9997288
9997287
9997286
9997285
9997284
9997283
9997282
9997281
9997280
9997279
9997278
9997277
9997276
9997275
9997274
9997273
9997272
9997271
9997270
9997269
9997268
9997267
9997266
9997265
9997264
9997263
9997262
9997261
9997260
9997259
9997258
9997257
9997256
9997255
9997254
9997253
9997252
9997251
9997250
9997249
9997248
9997247
9997246
9997245
9997244
9997243
9997242
9997241
9997240
9997239
9997238
9997237
9997236
9997235
9997234
9997233
9997232
9997231
9997230
9997229
9997228
9997227
9997226
9997225
9997224
9997223
9997222
9997221
9997220
9997219
9997218
9997217
9997216
9997215
9997214
9997213
9997212
9997211
9997210
9997209
9997208
9997207
9997206
9997205
9997204
9997203
9997202
9997201
9997200
9997199
9997198
9997197
9997196
9997195
9997194
9997193
9997192
9997191
9997190
9997189
9997188
9997187
9997186
9997185
9997184
9997183
9997182
9997181
9997180
9997179
9997178
9997177
9997176
9997175
9997174
9997173
9997172
9997171
9997170
9997169
9997168
9997167
9997166
9997165
9997164
9997163
9997162
9997161
9997160
9997159
9997158
9997157
9997156
9997155
9997154
9997153
9997152
9997151
9997150
9997149
9997148
9997147
9997146
9997145
9997144
9997143
9997142
9997141
9997140
9997139
9997138
9997137
9997136
9997135
9997134
9997133
9997132
9997131
9997130
9997129
9997128
9997127
9997126
9997125
9997124
9997123
9997122
9997121
9997120
9997119
9997118
9997117
9997116
9997115
9997114
9997113
9997112
9997111
9997110
9997109
9997108
9997107
9997106
9997105
9997104
9997103
9997102
9997101
9997100
9997099
9997098
9997097
9997096
9997095
9997094
9997093
9997092
9997091
9997090
9997089
9997088
9997087
9997086
9997085
9997084
9997083
9997082
9997081
9997080
9997079
9997078
9997077
9997076
9997075
9997074
9997073
9997072
9997071
9997070
9997069
9997068
9997067
9997066
9997065
9997064
9997063
9997062
9997061
9997060
9997059
9997058
9997057
9997056
9997055
9997054
9997053
9997052
9997051
9997050
9997049
9997048
9997047
9997046
9997045
9997044
9997043
9997042
9997041
9997040
9997039
9997038
9997037
9997036
9997035
9997034
9997033
9997032
9997031
9997030
9997029
9997028
9997027
9997026
9997025
9997024
9997023
9997022
9997021
9997020
9997019
9997018
9997017
9997016
9997015
9997014
9997013
9997012
9997011
9997010
9997009
9997008
9997007
9997006
9997005
9997004
9997003
9997002
9997001
9997000
9996999
9996998
9996997
9996996
9996995
9996994
9996993
9996992
9996991
9996990
9996989
9996988
9996987
9996986
9996985
9996984
9996983
9996982
9996981
9996980
9996979
9996978
9996977
9996976
9996975
9996974
9996973
9996972
9996971
9996970
9996969
9996968
9996967
9996966
9996965
9996964
9996963
9996962
9996961
9996960
9996959
9996958
9996957
9996956
9996955
9996954
9996953
9996952
9996951
9996950
9996949
9996948
9996947
9996946
9996945
9996944
9996943
9996942
9996941
9996940
9996939
9996938
9996937
9996936
9996935
9996934
9996933
9996932
9996931
9996930
9996929
9996928
9996927
9996926
9996925
9996924
9996923
9996922
9996921
9996920
9996919
9996918
9996917
9996916
9996915
9996914
9996913
9996912
9996911
9996910
9996909
9996908
9996907
9996906
9996905
9996904
9996903
9996902
9996901
9996900
9996899
9996898
9996897
9996896
9996895
9996894
9996893
9996892
9996891
9996890
9996889
9996888
9996887
9996886
9996885
9996884
9996883
9996882
9996881
9996880
9996879
9996878
9996877
9996876
9996875
9996874
9996873
9996872
9996871
9996870
9996869
9996868
9996867
9996866
9996865
9996864
9996863
9996862
9996861
9996860
9996859
9996858
9996857
9996856
9996855
9996854
9996853
9996852
9996851
9996850
9996849
9996848
9996847
9996846
9996845
9996844
9996843
9996842
9996841
9996840
9996839
9996838
9996837
9996836
9996835
9996834
9996833
9996832
9996831
9996830
9996829
9996828
9996827
9996826
9996825
9996824
9996823
9996822
9996821
9996820
9996819
9996818
9996817
9996816
9996815
9996814
9996813
9996812
9996811
9996810
9996809
9996808
9996807
9996806
9996805
9996804
9996803
9996802
9996801
9996800
9996799
9996798
9996797
9996796
9996795
9996794
9996793
9996792
9996791
9996790
9996789
9996788
9996787
9996786
9996785
9996784
9996783
9996782
9996781
9996780
9996779
9996778
9996777
9996776
9996775
9996774
9996773
9996772
9996771
9996770
9996769
9996768
9996767
9996766
9996765
9996764
9996763
9996762
9996761
9996760
9996759
9996758
9996757
9996756
9996755
9996754
9996753
9996752
9996751
9996750
9996749
9996748
9996747
9996746
9996745
9996744
9996743
9996742
9996741
9996740
9996739
9996738
9996737
9996736
9996735
9996734
9996733
9996732
9996731
9996730
9996729
9996728
9996727
9996726
9996725
9996724
9996723
9996722
9996721
9996720
9996719
9996718
9996717
9996716
9996715
9996714
9996713
9996712
9996711
9996710
9996709
9996708
9996707
9996706
9996705
9996704
9996703
9996702
9996701
9996700
9996699
9996698
9996697
9996696
9996695
9996694
9996693
9996692
9996691
9996690
9996689
9996688
9996687
9996686
9996685
9996684
9996683
9996682
9996681
9996680
9996679
9996678
9996677
9996676
9996675
9996674
9996673
9996672
9996671
9996670
9996669
9996668
9996667
9996666
9996665
9996664
9996663
9996662
9996661
9996660
9996659
9996658
9996657
9996656
9996655
9996654
9996653
9996652
9996651
9996650
9996649
9996648
9996647
9996646
9996645
9996644
9996643
9996642
9996641
9996640
9996639
9996638
9996637
9996636
9996635
9996634
9996633
9996632
9996631
9996630
9996629
9996628
9996627
9996626
9996625
9996624
9996623
9996622
9996621
9996620
9996619
9996618
9996617
9996616
9996615
9996614
9996613
9996612
9996611
9996610
9996609
9996608
9996607
9996606
9996605
9996604
9996603
9996602
9996601
9996600
9996599
9996598
9996597
9996596
9996595
9996594
9996593
9996592
9996591
9996590
9996589
9996588
9996587
9996586
9996585
9996584
9996583
9996582
9996581
9996580
9996579
9996578
9996577
9996576
9996575
9996574
9996573
9996572
9996571
9996570
9996569
9996568
9996567
9996566
9996565
9996564
9996563
9996562
9996561
9996560
9996559
9996558
9996557
9996556
9996555
9996554
9996553
9996552
9996551
9996550
9996549
9996548
9996547
9996546
9996545
9996544
9996543
9996542
9996541
9996540
9996539
9996538
9996537
9996536
9996535
9996534
9996533
9996532
9996531
9996530
9996529
9996528
9996527
9996526
9996525
9996524
9996523
9996522
9996521
9996520
9996519
9996518
9996517
9996516
9996515
9996514
9996513
9996512
9996511
9996510
9996509
9996508
9996507
9996506
9996505
9996504
9996503
9996502
9996501
9996500
9996499
9996498
9996497
9996496
9996495
9996494
9996493
9996492
9996491
9996490
9996489
9996488
9996487
9996486
9996485
9996484
9996483
9996482
9996481
9996480
9996479
9996478
9996477
9996476
9996475
9996474
9996473
9996472
9996471
9996470
9996469
9996468
9996467
9996466
9996465
9996464
9996463
9996462
9996461
9996460
9996459
9996458
9996457
9996456
9996455
9996454
9996453
9996452
9996451
9996450
9996449
9996448
9996447
9996446
9996445
9996444
9996443
9996442
9996441
9996440
9996439
9996438
9996437
9996436
9996435
9996434
9996433
9996432
9996431
9996430
9996429
9996428
9996427
9996426
9996425
9996424
9996423
9996422
9996421
9996420
9996419
9996418
9996417
9996416
9996415
9996414
9996413
9996412
9996411
9996410
9996409
9996408
9996407
9996406
9996405
9996404
9996403
9996402
9996401
9996400
9996399
9996398
9996397
9996396
9996395
9996394
9996393
9996392
9996391
9996390
9996389
9996388
9996387
9996386
9996385
9996384
9996383
9996382
9996381
9996380
9996379
9996378
9996377
9996376
9996375
9996374
9996373
9996372
9996371
9996370
9996369
9996368
9996367
9996366
9996365
9996364
9996363
9996362
9996361
9996360
9996359
9996358
9996357
9996356
9996355
9996354
9996353
9996352
9996351
9996350
9996349
9996348
9996347
9996346
9996345
9996344
9996343
9996342
9996341
9996340
9996339
9996338
9996337
9996336
9996335
9996334
9996333
9996332
9996331
9996330
9996329
9996328
9996327
9996326
9996325
9996324
9996323
9996322
9996321
9996320
9996319
9996318
9996317
9996316
9996315
9996314
9996313
9996312
9996311
9996310
9996309
9996308
9996307
9996306
9996305
9996304
9996303
9996302
9996301
9996300
9996299
9996298
9996297
9996296
9996295
9996294
9996293
9996292
9996291
9996290
9996289
9996288
9996287
9996286
9996285
9996284
9996283
9996282
9996281
9996280
9996279
9996278
9996277
9996276
9996275
9996274
9996273
9996272
9996271
9996270
9996269
9996268
9996267
9996266
9996265
9996264
9996263
9996262
9996261
9996260
9996259
9996258
9996257
9996256
9996255
9996254
9996253
9996252
9996251
9996250
9996249
9996248
9996247
9996246
9996245
9996244
9996243
9996242
9996241
9996240
9996239
9996238
9996237
9996236
9996235
9996234
9996233
9996232
9996231
9996230
9996229
9996228
9996227
9996226
9996225
9996224
9996223
9996222
9996221
9996220
9996219
9996218
9996217
9996216
9996215
9996214
9996213
9996212
9996211
9996210
9996209
9996208
9996207
9996206
9996205
9996204
9996203
9996202
9996201
9996200
9996199
9996198
9996197
9996196
9996195
9996194
9996193
9996192
9996191
9996190
9996189
9996188
9996187
9996186
9996185
9996184
9996183
9996182
9996181
9996180
9996179
9996178
9996177
9996176
9996175
9996174
9996173
9996172
9996171
9996170
9996169
9996168
9996167
9996166
9996165
9996164
9996163
9996162
9996161
9996160
9996159
9996158
9996157
9996156
9996155
9996154
9996153
9996152
9996151
9996150
9996149
9996148
9996147
9996146
9996145
9996144
9996143
9996142
9996141
9996140
9996139
9996138
9996137
9996136
9996135
9996134
9996133
9996132
9996131
9996130
9996129
9996128
9996127
9996126
9996125
9996124
9996123
9996122
9996121
9996120
9996119
9996118
9996117
9996116
9996115
9996114
9996113
9996112
9996111
9996110
9996109
9996108
9996107
9996106
9996105
9996104
9996103
9996102
9996101
9996100
9996099
9996098
9996097
9996096
9996095
9996094
9996093
9996092
9996091
9996090
9996089
9996088
9996087
9996086
9996085
9996084
9996083
9996082
9996081
9996080
9996079
9996078
9996077
9996076
9996075
9996074
9996073
9996072
9996071
9996070
9996069
9996068
9996067
9996066
9996065
9996064
9996063
9996062
9996061
9996060
9996059
9996058
9996057
9996056
9996055
9996054
9996053
9996052
9996051
9996050
9996049
9996048
9996047
9996046
9996045
9996044
9996043
9996042
9996041
9996040
9996039
9996038
9996037
9996036
9996035
9996034
9996033
9996032
9996031
9996030
9996029
9996028
9996027
9996026
9996025
9996024
9996023
9996022
9996021
9996020
9996019
9996018
9996017
9996016
9996015
9996014
9996013
9996012
9996011
9996010
9996009
9996008
9996007
9996006
9996005
9996004
9996003
9996002
9996001
9996000
9995999
9995998
9995997
9995996
9995995
9995994
9995993
9995992
9995991
9995990
9995989
9995988
9995987
9995986
9995985
9995984
9995983
9995982
9995981
9995980
9995979
9995978
9995977
9995976
9995975
9995974
9995973
9995972
9995971
9995970
9995969
9995968
9995967
9995966
9995965
9995964
9995963
9995962
9995961
9995960
9995959
9995958
9995957
9995956
9995955
9995954
9995953
9995952
9995951
9995950
9995949
9995948
9995947
9995946
9995945
9995944
9995943
9995942
9995941
9995940
9995939
9995938
9995937
9995936
9995935
9995934
9995933
9995932
9995931
9995930
9995929
9995928
9995927
9995926
9995925
9995924
9995923
9995922
9995921
9995920
9995919
9995918
9995917
9995916
9995915
9995914
9995913
9995912
9995911
9995910
9995909
9995908
9995907
9995906
9995905
9995904
9995903
9995902
9995901
9995900
9995899
9995898
9995897
9995896
9995895
9995894
9995893
9995892
9995891
9995890
9995889
9995888
9995887
9995886
9995885
9995884
9995883
9995882
9995881
9995880
9995879
9995878
9995877
9995876
9995875
9995874
9995873
9995872
9995871
9995870
9995869
9995868
9995867
9995866
9995865
9995864
9995863
9995862
9995861
9995860
9995859
9995858
9995857
9995856
9995855
9995854
9995853
9995852
9995851
9995850
9995849
9995848
9995847
9995846
9995845
9995844
9995843
9995842
9995841
9995840
9995839
9995838
9995837
9995836
9995835
9995834
9995833
9995832
9995831
9995830
9995829
9995828
9995827
9995826
9995825
9995824
9995823
9995822
9995821
9995820
9995819
9995818
9995817
9995816
9995815
9995814
9995813
9995812
9995811
9995810
9995809
9995808
9995807
9995806
9995805
9995804
9995803
9995802
9995801
9995800
9995799
9995798
9995797
9995796
9995795
9995794
9995793
9995792
9995791
9995790
9995789
9995788
9995787
9995786
9995785
9995784
9995783
9995782
9995781
9995780
9995779
9995778
9995777
9995776
9995775
9995774
9995773
9995772
9995771
9995770
9995769
9995768
9995767
9995766
9995765
9995764
9995763
9995762
9995761
9995760
9995759
9995758
9995757
9995756
9995755
9995754
9995753
9995752
9995751
9995750
9995749
9995748
9995747
9995746
9995745
9995744
9995743
9995742
9995741
9995740
9995739
9995738
9995737
9995736
9995735
9995734
9995733
9995732
9995731
9995730
9995729
9995728
9995727
9995726
9995725
9995724
9995723
9995722
9995721
9995720
9995719
9995718
9995717
9995716
9995715
9995714
9995713
9995712
9995711
9995710
9995709
9995708
9995707
9995706
9995705
9995704
9995703
9995702
9995701
9995700
9995699
9995698
9995697
9995696
9995695
9995694
9995693
9995692
9995691
9995690
9995689
9995688
9995687
9995686
9995685
9995684
9995683
9995682
9995681
9995680
9995679
9995678
9995677
9995676
9995675
9995674
9995673
9995672
9995671
9995670
9995669
9995668
9995667
9995666
9995665
9995664
9995663
9995662
9995661
9995660
9995659
9995658
9995657
9995656
9995655
9995654
9995653
9995652
9995651
9995650
9995649
9995648
9995647
9995646
9995645
9995644
9995643
9995642
9995641
9995640
9995639
9995638
9995637
9995636
9995635
9995634
9995633
9995632
9995631
9995630
9995629
9995628
9995627
9995626
9995625
9995624
9995623
9995622
9995621
9995620
9995619
9995618
9995617
9995616
9995615
9995614
9995613
9995612
9995611
9995610
9995609
9995608
9995607
9995606
9995605
9995604
9995603
9995602
9995601
9995600
9995599
9995598
9995597
9995596
9995595
9995594
9995593
9995592
9995591
9995590
9995589
9995588
9995587
9995586
9995585
9995584
9995583
9995582
9995581
9995580
9995579
9995578
9995577
9995576
9995575
9995574
9995573
9995572
9995571
9995570
9995569
9995568
9995567
9995566
9995565
9995564
9995563
9995562
9995561
9995560
9995559
9995558
9995557
9995556
9995555
9995554
9995553
9995552
9995551
9995550
9995549
9995548
9995547
9995546
9995545
9995544
9995543
9995542
9995541
9995540
9995539
9995538
9995537
9995536
9995535
9995534
9995533
9995532
9995531
9995530
9995529
9995528
9995527
9995526
9995525
9995524
9995523
9995522
9995521
9995520
9995519
9995518
9995517
9995516
9995515
9995514
9995513
9995512
9995511
9995510
9995509
9995508
9995507
9995506
9995505
9995504
9995503
9995502
9995501
9995500
9995499
9995498
9995497
9995496
9995495
9995494
9995493
9995492
9995491
9995490
9995489
9995488
9995487
9995486
9995485
9995484
9995483
9995482
9995481
9995480
9995479
9995478
9995477
9995476
9995475
9995474
9995473
9995472
9995471
9995470
9995469
9995468
9995467
9995466
9995465
9995464
9995463
9995462
9995461
9995460
9995459
9995458
9995457
9995456
9995455
9995454
9995453
9995452
9995451
9995450
9995449
9995448
9995447
9995446
9995445
9995444
9995443
9995442
9995441
9995440
9995439
9995438
9995437
9995436
9995435
9995434
9995433
9995432
9995431
9995430
9995429
9995428
9995427
9995426
9995425
9995424
9995423
9995422
9995421
9995420
9995419
9995418
9995417
9995416
9995415
9995414
9995413
9995412
9995411
9995410
9995409
9995408
9995407
9995406
9995405
9995404
9995403
9995402
9995401
9995400
9995399
9995398
9995397
9995396
9995395
9995394
9995393
9995392
9995391
9995390
9995389
9995388
9995387
9995386
9995385
9995384
9995383
9995382
9995381
9995380
9995379
9995378
9995377
9995376
9995375
9995374
9995373
9995372
9995371
9995370
9995369
9995368
9995367
9995366
9995365
9995364
9995363
9995362
9995361
9995360
9995359
9995358
9995357
9995356
9995355
9995354
9995353
9995352
9995351
9995350
9995349
9995348
9995347
9995346
9995345
9995344
9995343
9995342
9995341
9995340
9995339
9995338
9995337
9995336
9995335
9995334
9995333
9995332
9995331
9995330
9995329
9995328
9995327
9995326
9995325
9995324
9995323
9995322
9995321
9995320
9995319
9995318
9995317
9995316
9995315
9995314
9995313
9995312
9995311
9995310
9995309
9995308
9995307
9995306
9995305
9995304
9995303
9995302
9995301
9995300
9995299
9995298
9995297
9995296
9995295
9995294
9995293
9995292
9995291
9995290
9995289
9995288
9995287
9995286
9995285
9995284
9995283
9995282
9995281
9995280
9995279
9995278
9995277
9995276
9995275
9995274
9995273
9995272
9995271
9995270
9995269
9995268
9995267
9995266
9995265
9995264
9995263
9995262
9995261
9995260
9995259
9995258
9995257
9995256
9995255
9995254
9995253
9995252
9995251
9995250
9995249
9995248
9995247
9995246
9995245
9995244
9995243
9995242
9995241
9995240
9995239
9995238
9995237
9995236
9995235
9995234
9995233
9995232
9995231
9995230
9995229
9995228
9995227
9995226
9995225
9995224
9995223
9995222
9995221
9995220
9995219
9995218
9995217
9995216
9995215
9995214
9995213
9995212
9995211
9995210
9995209
9995208
9995207
9995206
9995205
9995204
9995203
9995202
9995201
9995200
9995199
9995198
9995197
9995196
9995195
9995194
9995193
9995192
9995191
9995190
9995189
9995188
9995187
9995186
9995185
9995184
9995183
9995182
9995181
9995180
9995179
9995178
9995177
9995176
9995175
9995174
9995173
9995172
9995171
9995170
9995169
9995168
9995167
9995166
9995165
9995164
9995163
9995162
9995161
9995160
9995159
9995158
9995157
9995156
9995155
9995154
9995153
9995152
9995151
9995150
9995149
9995148
9995147
9995146
9995145
9995144
9995143
9995142
9995141
9995140
9995139
9995138
9995137
9995136
9995135
9995134
9995133
9995132
9995131
9995130
9995129
9995128
9995127
9995126
9995125
9995124
9995123
9995122
9995121
9995120
9995119
9995118
9995117
9995116
9995115
9995114
9995113
9995112
9995111
9995110
9995109
9995108
9995107
9995106
9995105
9995104
9995103
9995102
9995101
9995100
9995099
9995098
9995097
9995096
9995095
9995094
9995093
9995092
9995091
9995090
9995089
9995088
9995087
9995086
9995085
9995084
9995083
9995082
9995081
9995080
9995079
9995078
9995077
9995076
9995075
9995074
9995073
9995072
9995071
9995070
9995069
9995068
9995067
9995066
9995065
9995064
9995063
9995062
9995061
9995060
9995059
9995058
9995057
9995056
9995055
9995054
9995053
9995052
9995051
9995050
9995049
9995048
9995047
9995046
9995045
9995044
9995043
9995042
9995041
9995040
9995039
9995038
9995037
9995036
9995035
9995034
9995033
9995032
9995031
9995030
9995029
9995028
9995027
9995026
9995025
9995024
9995023
9995022
9995021
9995020
9995019
9995018
9995017
9995016
9995015
9995014
9995013
9995012
9995011
9995010
9995009
9995008
9995007
9995006
9995005
9995004
9995003
9995002
9995001
9995000
9994999
9994998
9994997
9994996
9994995
9994994
9994993
9994992
9994991
9994990
9994989
9994988
9994987
9994986
9994985
9994984
9994983
9994982
9994981
9994980
9994979
9994978
9994977
9994976
9994975
9994974
9994973
9994972
9994971
9994970
9994969
9994968
9994967
9994966
9994965
9994964
9994963
9994962
9994961
9994960
9994959
9994958
9994957
9994956
9994955
9994954
9994953
9994952
9994951
9994950
9994949
9994948
9994947
9994946
9994945
9994944
9994943
9994942
9994941
9994940
9994939
9994938
9994937
9994936
9994935
9994934
9994933
9994932
9994931
9994930
9994929
9994928
9994927
9994926
9994925
9994924
9994923
9994922
9994921
9994920
9994919
9994918
9994917
9994916
9994915
9994914
9994913
9994912
9994911
9994910
9994909
9994908
9994907
9994906
9994905
9994904
9994903
9994902
9994901
9994900
9994899
9994898
9994897
9994896
9994895
9994894
9994893
9994892
9994891
9994890
9994889
9994888
9994887
9994886
9994885
9994884
9994883
9994882
9994881
9994880
9994879
9994878
9994877
9994876
9994875
9994874
9994873
9994872
9994871
9994870
9994869
9994868
9994867
9994866
9994865
9994864
9994863
9994862
9994861
9994860
9994859
9994858
9994857
9994856
9994855
9994854
9994853
9994852
9994851
9994850
9994849
9994848
9994847
9994846
9994845
9994844
9994843
9994842
9994841
9994840
9994839
9994838
9994837
9994836
9994835
9994834
9994833
9994832
9994831
9994830
9994829
9994828
9994827
9994826
9994825
9994824
9994823
9994822
9994821
9994820
9994819
9994818
9994817
9994816
9994815
9994814
9994813
9994812
9994811
9994810
9994809
9994808
9994807
9994806
9994805
9994804
9994803
9994802
9994801
9994800
9994799
9994798
9994797
9994796
9994795
9994794
9994793
9994792
9994791
9994790
9994789
9994788
9994787
9994786
9994785
9994784
9994783
9994782
9994781
9994780
9994779
9994778
9994777
9994776
9994775
9994774
9994773
9994772
9994771
9994770
9994769
9994768
9994767
9994766
9994765
9994764
9994763
9994762
9994761
9994760
9994759
9994758
9994757
9994756
9994755
9994754
9994753
9994752
9994751
9994750
9994749
9994748
9994747
9994746
9994745
9994744
9994743
9994742
9994741
9994740
9994739
9994738
9994737
9994736
9994735
9994734
9994733
9994732
9994731
9994730
9994729
9994728
9994727
9994726
9994725
9994724
9994723
9994722
9994721
9994720
9994719
9994718
9994717
9994716
9994715
9994714
9994713
9994712
9994711
9994710
9994709
9994708
9994707
9994706
9994705
9994704
9994703
9994702
9994701
9994700
9994699
9994698
9994697
9994696
9994695
9994694
9994693
9994692
9994691
9994690
9994689
9994688
9994687
9994686
9994685
9994684
9994683
9994682
9994681
9994680
9994679
9994678
9994677
9994676
9994675
9994674
9994673
9994672
9994671
9994670
9994669
9994668
9994667
9994666
9994665
9994664
9994663
9994662
9994661
9994660
9994659
9994658
9994657
9994656
9994655
9994654
9994653
9994652
9994651
9994650
9994649
9994648
9994647
9994646
9994645
9994644
9994643
9994642
9994641
9994640
9994639
9994638
9994637
9994636
9994635
9994634
9994633
9994632
9994631
9994630
9994629
9994628
9994627
9994626
9994625
9994624
9994623
9994622
9994621
9994620
9994619
9994618
9994617
9994616
9994615
9994614
9994613
9994612
9994611
9994610
9994609
9994608
9994607
9994606
9994605
9994604
9994603
9994602
9994601
9994600
9994599
9994598
9994597
9994596
9994595
9994594
9994593
9994592
9994591
9994590
9994589
9994588
9994587
9994586
9994585
9994584
9994583
9994582
9994581
9994580
9994579
9994578
9994577
9994576
9994575
9994574
9994573
9994572
9994571
9994570
9994569
9994568
9994567
9994566
9994565
9994564
9994563
9994562
9994561
9994560
9994559
9994558
9994557
9994556
9994555
9994554
9994553
9994552
9994551
9994550
9994549
9994548
9994547
9994546
9994545
9994544
9994543
9994542
9994541
9994540
9994539
9994538
9994537
9994536
9994535
9994534
9994533
9994532
9994531
9994530
9994529
9994528
9994527
9994526
9994525
9994524
9994523
9994522
9994521
9994520
9994519
9994518
9994517
9994516
9994515
9994514
9994513
9994512
9994511
9994510
9994509
9994508
9994507
9994506
9994505
9994504
9994503
9994502
9994501
9994500
9994499
9994498
9994497
9994496
9994495
9994494
9994493
9994492
9994491
9994490
9994489
9994488
9994487
9994486
9994485
9994484
9994483
9994482
9994481
9994480
9994479
9994478
9994477
9994476
9994475
9994474
9994473
9994472
9994471
9994470
9994469
9994468
9994467
9994466
9994465
9994464
9994463
9994462
9994461
9994460
9994459
9994458
9994457
9994456
9994455
9994454
9994453
9994452
9994451
9994450
9994449
9994448
9994447
9994446
9994445
9994444
9994443
9994442
9994441
9994440
9994439
9994438
9994437
9994436
9994435
9994434
9994433
9994432
9994431
9994430
9994429
9994428
9994427
9994426
9994425
9994424
9994423
9994422
9994421
9994420
9994419
9994418
9994417
9994416
9994415
9994414
9994413
9994412
9994411
9994410
9994409
9994408
9994407
9994406
9994405
9994404
9994403
9994402
9994401
9994400
9994399
9994398
9994397
9994396
9994395
9994394
9994393
9994392
9994391
9994390
9994389
9994388
9994387
9994386
9994385
9994384
9994383
9994382
9994381
9994380
9994379
9994378
9994377
9994376
9994375
9994374
9994373
9994372
9994371
9994370
9994369
9994368
9994367
9994366
9994365
9994364
9994363
9994362
9994361
9994360
9994359
9994358
9994357
9994356
9994355
9994354
9994353
9994352
9994351
9994350
9994349
9994348
9994347
9994346
9994345
9994344
9994343
9994342
9994341
9994340
9994339
9994338
9994337
9994336
9994335
9994334
9994333
9994332
9994331
9994330
9994329
9994328
9994327
9994326
9994325
9994324
9994323
9994322
9994321
9994320
9994319
9994318
9994317
9994316
9994315
9994314
9994313
9994312
9994311
9994310
9994309
9994308
9994307
9994306
9994305
9994304
9994303
9994302
9994301
9994300
9994299
9994298
9994297
9994296
9994295
9994294
9994293
9994292
9994291
9994290
9994289
9994288
9994287
9994286
9994285
9994284
9994283
9994282
9994281
9994280
9994279
9994278
9994277
9994276
9994275
9994274
9994273
9994272
9994271
9994270
9994269
9994268
9994267
9994266
9994265
9994264
9994263
9994262
9994261
9994260
9994259
9994258
9994257
9994256
9994255
9994254
9994253
9994252
9994251
9994250
9994249
9994248
9994247
9994246
9994245
9994244
9994243
9994242
9994241
9994240
9994239
9994238
9994237
9994236
9994235
9994234
9994233
9994232
9994231
9994230
9994229
9994228
9994227
9994226
9994225
9994224
9994223
9994222
9994221
9994220
9994219
9994218
9994217
9994216
9994215
9994214
9994213
9994212
9994211
9994210
9994209
9994208
9994207
9994206
9994205
9994204
9994203
9994202
9994201
9994200
9994199
9994198
9994197
9994196
9994195
9994194
9994193
9994192
9994191
9994190
9994189
9994188
9994187
9994186
9994185
9994184
9994183
9994182
9994181
9994180
9994179
9994178
9994177
9994176
9994175
9994174
9994173
9994172
9994171
9994170
9994169
9994168
9994167
9994166
9994165
9994164
9994163
9994162
9994161
9994160
9994159
9994158
9994157
9994156
9994155
9994154
9994153
9994152
9994151
9994150
9994149
9994148
9994147
9994146
9994145
9994144
9994143
9994142
9994141
9994140
9994139
9994138
9994137
9994136
9994135
9994134
9994133
9994132
9994131
9994130
9994129
9994128
9994127
9994126
9994125
9994124
9994123
9994122
9994121
9994120
9994119
9994118
9994117
9994116
9994115
9994114
9994113
9994112
9994111
9994110
9994109
9994108
9994107
9994106
9994105
9994104
9994103
9994102
9994101
9994100
9994099
9994098
9994097
9994096
9994095
9994094
9994093
9994092
9994091
9994090
9994089
9994088
9994087
9994086
9994085
9994084
9994083
9994082
9994081
9994080
9994079
9994078
9994077
9994076
9994075
9994074
9994073
9994072
9994071
9994070
9994069
9994068
9994067
9994066
9994065
9994064
9994063
9994062
9994061
9994060
9994059
9994058
9994057
9994056
9994055
9994054
9994053
9994052
9994051
9994050
9994049
9994048
9994047
9994046
9994045
9994044
9994043
9994042
9994041
9994040
9994039
9994038
9994037
9994036
9994035
9994034
9994033
9994032
9994031
9994030
9994029
9994028
9994027
9994026
9994025
9994024
9994023
9994022
9994021
9994020
9994019
9994018
9994017
9994016
9994015
9994014
9994013
9994012
9994011
9994010
9994009
9994008
9994007
9994006
9994005
9994004
9994003
9994002
9994001
9994000
9993999
9993998
9993997
9993996
9993995
9993994
9993993
9993992
9993991
9993990
9993989
9993988
9993987
9993986
9993985
9993984
9993983
9993982
9993981
9993980
9993979
9993978
9993977
9993976
9993975
9993974
9993973
9993972
9993971
9993970
9993969
9993968
9993967
9993966
9993965
9993964
9993963
9993962
9993961
9993960
9993959
9993958
9993957
9993956
9993955
9993954
9993953
9993952
9993951
9993950
9993949
9993948
9993947
9993946
9993945
9993944
9993943
9993942
9993941
9993940
9993939
9993938
9993937
9993936
9993935
9993934
9993933
9993932
9993931
9993930
9993929
9993928
9993927
9993926
9993925
9993924
9993923
9993922
9993921
9993920
9993919
9993918
9993917
9993916
9993915
9993914
9993913
9993912
9993911
9993910
9993909
9993908
9993907
9993906
9993905
9993904
9993903
9993902
9993901
9993900
9993899
9993898
9993897
9993896
9993895
9993894
9993893
9993892
9993891
9993890
9993889
9993888
9993887
9993886
9993885
9993884
9993883
9993882
9993881
9993880
9993879
9993878
9993877
9993876
9993875
9993874
9993873
9993872
9993871
9993870
9993869
9993868
9993867
9993866
9993865
9993864
9993863
9993862
9993861
9993860
9993859
9993858
9993857
9993856
9993855
9993854
9993853
9993852
9993851
9993850
9993849
9993848
9993847
9993846
9993845
9993844
9993843
9993842
9993841
9993840
9993839
9993838
9993837
9993836
9993835
9993834
9993833
9993832
9993831
9993830
9993829
9993828
9993827
9993826
9993825
9993824
9993823
9993822
9993821
9993820
9993819
9993818
9993817
9993816
9993815
9993814
9993813
9993812
9993811
9993810
9993809
9993808
9993807
9993806
9993805
9993804
9993803
9993802
9993801
9993800
9993799
9993798
9993797
9993796
9993795
9993794
9993793
9993792
9993791
9993790
9993789
9993788
9993787
9993786
9993785
9993784
9993783
9993782
9993781
9993780
9993779
9993778
9993777
9993776
9993775
9993774
9993773
9993772
9993771
9993770
9993769
9993768
9993767
9993766
9993765
9993764
9993763
9993762
9993761
9993760
9993759
9993758
9993757
9993756
9993755
9993754
9993753
9993752
9993751
9993750
9993749
9993748
9993747
9993746
9993745
9993744
9993743
9993742
9993741
9993740
9993739
9993738
9993737
9993736
9993735
9993734
9993733
9993732
9993731
9993730
9993729
9993728
9993727
9993726
9993725
9993724
9993723
9993722
9993721
9993720
9993719
9993718
9993717
9993716
9993715
9993714
9993713
9993712
9993711
9993710
9993709
9993708
9993707
9993706
9993705
9993704
9993703
9993702
9993701
9993700
9993699
9993698
9993697
9993696
9993695
9993694
9993693
9993692
9993691
9993690
9993689
9993688
9993687
9993686
9993685
9993684
9993683
9993682
9993681
9993680
9993679
9993678
9993677
9993676
9993675
9993674
9993673
9993672
9993671
9993670
9993669
9993668
9993667
9993666
9993665
9993664
9993663
9993662
9993661
9993660
9993659
9993658
9993657
9993656
9993655
9993654
9993653
9993652
9993651
9993650
9993649
9993648
9993647
9993646
9993645
9993644
9993643
9993642
9993641
9993640
9993639
9993638
9993637
9993636
9993635
9993634
9993633
9993632
9993631
9993630
9993629
9993628
9993627
9993626
9993625
9993624
9993623
9993622
9993621
9993620
9993619
9993618
9993617
9993616
9993615
9993614
9993613
9993612
9993611
9993610
9993609
9993608
9993607
9993606
9993605
9993604
9993603
9993602
9993601
9993600
9993599
9993598
9993597
9993596
9993595
9993594
9993593
9993592
9993591
9993590
9993589
9993588
9993587
9993586
9993585
9993584
9993583
9993582
9993581
9993580
9993579
9993578
9993577
9993576
9993575
9993574
9993573
9993572
9993571
9993570
9993569
9993568
9993567
9993566
9993565
9993564
9993563
9993562
9993561
9993560
9993559
9993558
9993557
9993556
9993555
9993554
9993553
9993552
9993551
9993550
9993549
9993548
9993547
9993546
9993545
9993544
9993543
9993542
9993541
9993540
9993539
9993538
9993537
9993536
9993535
9993534
9993533
9993532
9993531
9993530
9993529
9993528
9993527
9993526
9993525
9993524
9993523
9993522
9993521
9993520
9993519
9993518
9993517
9993516
9993515
9993514
9993513
9993512
9993511
9993510
9993509
9993508
9993507
9993506
9993505
9993504
9993503
9993502
9993501
9993500
9993499
9993498
9993497
9993496
9993495
9993494
9993493
9993492
9993491
9993490
9993489
9993488
9993487
9993486
9993485
9993484
9993483
9993482
9993481
9993480
9993479
9993478
9993477
9993476
9993475
9993474
9993473
9993472
9993471
9993470
9993469
9993468
9993467
9993466
9993465
9993464
9993463
9993462
9993461
9993460
9993459
9993458
9993457
9993456
9993455
9993454
9993453
9993452
9993451
9993450
9993449
9993448
9993447
9993446
9993445
9993444
9993443
9993442
9993441
9993440
9993439
9993438
9993437
9993436
9993435
9993434
9993433
9993432
9993431
9993430
9993429
9993428
9993427
9993426
9993425
9993424
9993423
9993422
9993421
9993420
9993419
9993418
9993417
9993416
9993415
9993414
9993413
9993412
9993411
9993410
9993409
9993408
9993407
9993406
9993405
9993404
9993403
9993402
9993401
9993400
9993399
9993398
9993397
9993396
9993395
9993394
9993393
9993392
9993391
9993390
9993389
9993388
9993387
9993386
9993385
9993384
9993383
9993382
9993381
9993380
9993379
9993378
9993377
9993376
9993375
9993374
9993373
9993372
9993371
9993370
9993369
9993368
9993367
9993366
9993365
9993364
9993363
9993362
9993361
9993360
9993359
9993358
9993357
9993356
9993355
9993354
9993353
9993352
9993351
9993350
9993349
9993348
9993347
9993346
9993345
9993344
9993343
9993342
9993341
9993340
9993339
9993338
9993337
9993336
9993335
9993334
9993333
9993332
9993331
9993330
9993329
9993328
9993327
9993326
9993325
9993324
9993323
9993322
9993321
9993320
9993319
9993318
9993317
9993316
9993315
9993314
9993313
9993312
9993311
9993310
9993309
9993308
9993307
9993306
9993305
9993304
9993303
9993302
9993301
9993300
9993299
9993298
9993297
9993296
9993295
9993294
9993293
9993292
9993291
9993290
9993289
9993288
9993287
9993286
9993285
9993284
9993283
9993282
9993281
9993280
9993279
9993278
9993277
9993276
9993275
9993274
9993273
9993272
9993271
9993270
9993269
9993268
9993267
9993266
9993265
9993264
9993263
9993262
9993261
9993260
9993259
9993258
9993257
9993256
9993255
9993254
9993253
9993252
9993251
9993250
9993249
9993248
9993247
9993246
9993245
9993244
9993243
9993242
9993241
9993240
9993239
9993238
9993237
9993236
9993235
9993234
9993233
9993232
9993231
9993230
9993229
9993228
9993227
9993226
9993225
9993224
9993223
9993222
9993221
9993220
9993219
9993218
9993217
9993216
9993215
9993214
9993213
9993212
9993211
9993210
9993209
9993208
9993207
9993206
9993205
9993204
9993203
9993202
9993201
9993200
9993199
9993198
9993197
9993196
9993195
9993194
9993193
9993192
9993191
9993190
9993189
9993188
9993187
9993186
9993185
9993184
9993183
9993182
9993181
9993180
9993179
9993178
9993177
9993176
9993175
9993174
9993173
9993172
9993171
9993170
9993169
9993168
9993167
9993166
9993165
9993164
9993163
9993162
9993161
9993160
9993159
9993158
9993157
9993156
9993155
9993154
9993153
9993152
9993151
9993150
9993149
9993148
9993147
9993146
9993145
9993144
9993143
9993142
9993141
9993140
9993139
9993138
9993137
9993136
9993135
9993134
9993133
9993132
9993131
9993130
9993129
9993128
9993127
9993126
9993125
9993124
9993123
9993122
9993121
9993120
9993119
9993118
9993117
9993116
9993115
9993114
9993113
9993112
9993111
9993110
9993109
9993108
9993107
9993106
9993105
9993104
9993103
9993102
9993101
9993100
9993099
9993098
9993097
9993096
9993095
9993094
9993093
9993092
9993091
9993090
9993089
9993088
9993087
9993086
9993085
9993084
9993083
9993082
9993081
9993080
9993079
9993078
9993077
9993076
9993075
9993074
9993073
9993072
9993071
9993070
9993069
9993068
9993067
9993066
9993065
9993064
9993063
9993062
9993061
9993060
9993059
9993058
9993057
9993056
9993055
9993054
9993053
9993052
9993051
9993050
9993049
9993048
9993047
9993046
9993045
9993044
9993043
9993042
9993041
9993040
9993039
9993038
9993037
9993036
9993035
9993034
9993033
9993032
9993031
9993030
9993029
9993028
9993027
9993026
9993025
9993024
9993023
9993022
9993021
9993020
9993019
9993018
9993017
9993016
9993015
9993014
9993013
9993012
9993011
9993010
9993009
9993008
9993007
9993006
9993005
9993004
9993003
9993002
9993001
9993000
9992999
9992998
9992997
9992996
9992995
9992994
9992993
9992992
9992991
9992990
9992989
9992988
9992987
9992986
9992985
9992984
9992983
9992982
9992981
9992980
9992979
9992978
9992977
9992976
9992975
9992974
9992973
9992972
9992971
9992970
9992969
9992968
9992967
9992966
9992965
9992964
9992963
9992962
9992961
9992960
9992959
9992958
9992957
9992956
9992955
9992954
9992953
9992952
9992951
9992950
9992949
9992948
9992947
9992946
9992945
9992944
9992943
9992942
9992941
9992940
9992939
9992938
9992937
9992936
9992935
9992934
9992933
9992932
9992931
9992930
9992929
9992928
9992927
9992926
9992925
9992924
9992923
9992922
9992921
9992920
9992919
9992918
9992917
9992916
9992915
9992914
9992913
9992912
9992911
9992910
9992909
9992908
9992907
9992906
9992905
9992904
9992903
9992902
9992901
9992900
9992899
9992898
9992897
9992896
9992895
9992894
9992893
9992892
9992891
9992890
9992889
9992888
9992887
9992886
9992885
9992884
9992883
9992882
9992881
9992880
9992879
9992878
9992877
9992876
9992875
9992874
9992873
9992872
9992871
9992870
9992869
9992868
9992867
9992866
9992865
9992864
9992863
9992862
9992861
9992860
9992859
9992858
9992857
9992856
9992855
9992854
9992853
9992852
9992851
9992850
9992849
9992848
9992847
9992846
9992845
9992844
9992843
9992842
9992841
9992840
9992839
9992838
9992837
9992836
9992835
9992834
9992833
9992832
9992831
9992830
9992829
9992828
9992827
9992826
9992825
9992824
9992823
9992822
9992821
9992820
9992819
9992818
9992817
9992816
9992815
9992814
9992813
9992812
9992811
9992810
9992809
9992808
9992807
9992806
9992805
9992804
9992803
9992802
9992801
9992800
9992799
9992798
9992797
9992796
9992795
9992794
9992793
9992792
9992791
9992790
9992789
9992788
9992787
9992786
9992785
9992784
9992783
9992782
9992781
9992780
9992779
9992778
9992777
9992776
9992775
9992774
9992773
9992772
9992771
9992770
9992769
9992768
9992767
9992766
9992765
9992764
9992763
9992762
9992761
9992760
9992759
9992758
9992757
9992756
9992755
9992754
9992753
9992752
9992751
9992750
9992749
9992748
9992747
9992746
9992745
9992744
9992743
9992742
9992741
9992740
9992739
9992738
9992737
9992736
9992735
9992734
9992733
9992732
9992731
9992730
9992729
9992728
9992727
9992726
9992725
9992724
9992723
9992722
9992721
9992720
9992719
9992718
9992717
9992716
9992715
9992714
9992713
9992712
9992711
9992710
9992709
9992708
9992707
9992706
9992705
9992704
9992703
9992702
9992701
9992700
9992699
9992698
9992697
9992696
9992695
9992694
9992693
9992692
9992691
9992690
9992689
9992688
9992687
9992686
9992685
9992684
9992683
9992682
9992681
9992680
9992679
9992678
9992677
9992676
9992675
9992674
9992673
9992672
9992671
9992670
9992669
9992668
9992667
9992666
9992665
9992664
9992663
9992662
9992661
9992660
9992659
9992658
9992657
9992656
9992655
9992654
9992653
9992652
9992651
9992650
9992649
9992648
9992647
9992646
9992645
9992644
9992643
9992642
9992641
9992640
9992639
9992638
9992637
9992636
9992635
9992634
9992633
9992632
9992631
9992630
9992629
9992628
9992627
9992626
9992625
9992624
9992623
9992622
9992621
9992620
9992619
9992618
9992617
9992616
9992615
9992614
9992613
9992612
9992611
9992610
9992609
9992608
9992607
9992606
9992605
9992604
9992603
9992602
9992601
9992600
9992599
9992598
9992597
9992596
9992595
9992594
9992593
9992592
9992591
9992590
9992589
9992588
9992587
9992586
9992585
9992584
9992583
9992582
9992581
9992580
9992579
9992578
9992577
9992576
9992575
9992574
9992573
9992572
9992571
9992570
9992569
9992568
9992567
9992566
9992565
9992564
9992563
9992562
9992561
9992560
9992559
9992558
9992557
9992556
9992555
9992554
9992553
9992552
9992551
9992550
9992549
9992548
9992547
9992546
9992545
9992544
9992543
9992542
9992541
9992540
9992539
9992538
9992537
9992536
9992535
9992534
9992533
9992532
9992531
9992530
9992529
9992528
9992527
9992526
9992525
9992524
9992523
9992522
9992521
9992520
9992519
9992518
9992517
9992516
9992515
9992514
9992513
9992512
9992511
9992510
9992509
9992508
9992507
9992506
9992505
9992504
9992503
9992502
9992501
9992500
9992499
9992498
9992497
9992496
9992495
9992494
9992493
9992492
9992491
9992490
9992489
9992488
9992487
9992486
9992485
9992484
9992483
9992482
9992481
9992480
9992479
9992478
9992477
9992476
9992475
9992474
9992473
9992472
9992471
9992470
9992469
9992468
9992467
9992466
9992465
9992464
9992463
9992462
9992461
9992460
9992459
9992458
9992457
9992456
9992455
9992454
9992453
9992452
9992451
9992450
9992449
9992448
9992447
9992446
9992445
9992444
9992443
9992442
9992441
9992440
9992439
9992438
9992437
9992436
9992435
9992434
9992433
9992432
9992431
9992430
9992429
9992428
9992427
9992426
9992425
9992424
9992423
9992422
9992421
9992420
9992419
9992418
9992417
9992416
9992415
9992414
9992413
9992412
9992411
9992410
9992409
9992408
9992407
9992406
9992405
9992404
9992403
9992402
9992401
9992400
9992399
9992398
9992397
9992396
9992395
9992394
9992393
9992392
9992391
9992390
9992389
9992388
9992387
9992386
9992385
9992384
9992383
9992382
9992381
9992380
9992379
9992378
9992377
9992376
9992375
9992374
9992373
9992372
9992371
9992370
9992369
9992368
9992367
9992366
9992365
9992364
9992363
9992362
9992361
9992360
9992359
9992358
9992357
9992356
9992355
9992354
9992353
9992352
9992351
9992350
9992349
9992348
9992347
9992346
9992345
9992344
9992343
9992342
9992341
9992340
9992339
9992338
9992337
9992336
9992335
9992334
9992333
9992332
9992331
9992330
9992329
9992328
9992327
9992326
9992325
9992324
9992323
9992322
9992321
9992320
9992319
9992318
9992317
9992316
9992315
9992314
9992313
9992312
9992311
9992310
9992309
9992308
9992307
9992306
9992305
9992304
9992303
9992302
9992301
9992300
9992299
9992298
9992297
9992296
9992295
9992294
9992293
9992292
9992291
9992290
9992289
9992288
9992287
9992286
9992285
9992284
9992283
9992282
9992281
9992280
9992279
9992278
9992277
9992276
9992275
9992274
9992273
9992272
9992271
9992270
9992269
9992268
9992267
9992266
9992265
9992264
9992263
9992262
9992261
9992260
9992259
9992258
9992257
9992256
9992255
9992254
9992253
9992252
9992251
9992250
9992249
9992248
9992247
9992246
9992245
9992244
9992243
9992242
9992241
9992240
9992239
9992238
9992237
9992236
9992235
9992234
9992233
9992232
9992231
9992230
9992229
9992228
9992227
9992226
9992225
9992224
9992223
9992222
9992221
9992220
9992219
9992218
9992217
9992216
9992215
9992214
9992213
9992212
9992211
9992210
9992209
9992208
9992207
9992206
9992205
9992204
9992203
9992202
9992201
9992200
9992199
9992198
9992197
9992196
9992195
9992194
9992193
9992192
9992191
9992190
9992189
9992188
9992187
9992186
9992185
9992184
9992183
9992182
9992181
9992180
9992179
9992178
9992177
9992176
9992175
9992174
9992173
9992172
9992171
9992170
9992169
9992168
9992167
9992166
9992165
9992164
9992163
9992162
9992161
9992160
9992159
9992158
9992157
9992156
9992155
9992154
9992153
9992152
9992151
9992150
9992149
9992148
9992147
9992146
9992145
9992144
9992143
9992142
9992141
9992140
9992139
9992138
9992137
9992136
9992135
9992134
9992133
9992132
9992131
9992130
9992129
9992128
9992127
9992126
9992125
9992124
9992123
9992122
9992121
9992120
9992119
9992118
9992117
9992116
9992115
9992114
9992113
9992112
9992111
9992110
9992109
9992108
9992107
9992106
9992105
9992104
9992103
9992102
9992101
9992100
9992099
9992098
9992097
9992096
9992095
9992094
9992093
9992092
9992091
9992090
9992089
9992088
9992087
9992086
9992085
9992084
9992083
9992082
9992081
9992080
9992079
9992078
9992077
9992076
9992075
9992074
9992073
9992072
9992071
9992070
9992069
9992068
9992067
9992066
9992065
9992064
9992063
9992062
9992061
9992060
9992059
9992058
9992057
9992056
9992055
9992054
9992053
9992052
9992051
9992050
9992049
9992048
9992047
9992046
9992045
9992044
9992043
9992042
9992041
9992040
9992039
9992038
9992037
9992036
9992035
9992034
9992033
9992032
9992031
9992030
9992029
9992028
9992027
9992026
9992025
9992024
9992023
9992022
9992021
9992020
9992019
9992018
9992017
9992016
9992015
9992014
9992013
9992012
9992011
9992010
9992009
9992008
9992007
9992006
9992005
9992004
9992003
9992002
9992001
9992000
9991999
9991998
9991997
9991996
9991995
9991994
9991993
9991992
9991991
9991990
9991989
9991988
9991987
9991986
9991985
9991984
9991983
9991982
9991981
9991980
9991979
9991978
9991977
9991976
9991975
9991974
9991973
9991972
9991971
9991970
9991969
9991968
9991967
9991966
9991965
9991964
9991963
9991962
9991961
9991960
9991959
9991958
9991957
9991956
9991955
9991954
9991953
9991952
9991951
9991950
9991949
9991948
9991947
9991946
9991945
9991944
9991943
9991942
9991941
9991940
9991939
9991938
9991937
9991936
9991935
9991934
9991933
9991932
9991931
9991930
9991929
9991928
9991927
9991926
9991925
9991924
9991923
9991922
9991921
9991920
9991919
9991918
9991917
9991916
9991915
9991914
9991913
9991912
9991911
9991910
9991909
9991908
9991907
9991906
9991905
9991904
9991903
9991902
9991901
9991900
9991899
9991898
9991897
9991896
9991895
9991894
9991893
9991892
9991891
9991890
9991889
9991888
9991887
9991886
9991885
9991884
9991883
9991882
9991881
9991880
9991879
9991878
9991877
9991876
9991875
9991874
9991873
9991872
9991871
9991870
9991869
9991868
9991867
9991866
9991865
9991864
9991863
9991862
9991861
9991860
9991859
9991858
9991857
9991856
9991855
9991854
9991853
9991852
9991851
9991850
9991849
9991848
9991847
9991846
9991845
9991844
9991843
9991842
9991841
9991840
9991839
9991838
9991837
9991836
9991835
9991834
9991833
9991832
9991831
9991830
9991829
9991828
9991827
9991826
9991825
9991824
9991823
9991822
9991821
9991820
9991819
9991818
9991817
9991816
9991815
9991814
9991813
9991812
9991811
9991810
9991809
9991808
9991807
9991806
9991805
9991804
9991803
9991802
9991801
9991800
9991799
9991798
9991797
9991796
9991795
9991794
9991793
9991792
9991791
9991790
9991789
9991788
9991787
9991786
9991785
9991784
9991783
9991782
9991781
9991780
9991779
9991778
9991777
9991776
9991775
9991774
9991773
9991772
9991771
9991770
9991769
9991768
9991767
9991766
9991765
9991764
9991763
9991762
9991761
9991760
9991759
9991758
9991757
9991756
9991755
9991754
9991753
9991752
9991751
9991750
9991749
9991748
9991747
9991746
9991745
9991744
9991743
9991742
9991741
9991740
9991739
9991738
9991737
9991736
9991735
9991734
9991733
9991732
9991731
9991730
9991729
9991728
9991727
9991726
9991725
9991724
9991723
9991722
9991721
9991720
9991719
9991718
9991717
9991716
9991715
9991714
9991713
9991712
9991711
9991710
9991709
9991708
9991707
9991706
9991705
9991704
9991703
9991702
9991701
9991700
9991699
9991698
9991697
9991696
9991695
9991694
9991693
9991692
9991691
9991690
9991689
9991688
9991687
9991686
9991685
9991684
9991683
9991682
9991681
9991680
9991679
9991678
9991677
9991676
9991675
9991674
9991673
9991672
9991671
9991670
9991669
9991668
9991667
9991666
9991665
9991664
9991663
9991662
9991661
9991660
9991659
9991658
9991657
9991656
9991655
9991654
9991653
9991652
9991651
9991650
9991649
9991648
9991647
9991646
9991645
9991644
9991643
9991642
9991641
9991640
9991639
9991638
9991637
9991636
9991635
9991634
9991633
9991632
9991631
9991630
9991629
9991628
9991627
9991626
9991625
9991624
9991623
9991622
9991621
9991620
9991619
9991618
9991617
9991616
9991615
9991614
9991613
9991612
9991611
9991610
9991609
9991608
9991607
9991606
9991605
9991604
9991603
9991602
9991601
9991600
9991599
9991598
9991597
9991596
9991595
9991594
9991593
9991592
9991591
9991590
9991589
9991588
9991587
9991586
9991585
9991584
9991583
9991582
9991581
9991580
9991579
9991578
9991577
9991576
9991575
9991574
9991573
9991572
9991571
9991570
9991569
9991568
9991567
9991566
9991565
9991564
9991563
9991562
9991561
9991560
9991559
9991558
9991557
9991556
9991555
9991554
9991553
9991552
9991551
9991550
9991549
9991548
9991547
9991546
9991545
9991544
9991543
9991542
9991541
9991540
9991539
9991538
9991537
9991536
9991535
9991534
9991533
9991532
9991531
9991530
9991529
9991528
9991527
9991526
9991525
9991524
9991523
9991522
9991521
9991520
9991519
9991518
9991517
9991516
9991515
9991514
9991513
9991512
9991511
9991510
9991509
9991508
9991507
9991506
9991505
9991504
9991503
9991502
9991501
9991500
9991499
9991498
9991497
9991496
9991495
9991494
9991493
9991492
9991491
9991490
9991489
9991488
9991487
9991486
9991485
9991484
9991483
9991482
9991481
9991480
9991479
9991478
9991477
9991476
9991475
9991474
9991473
9991472
9991471
9991470
9991469
9991468
9991467
9991466
9991465
9991464
9991463
9991462
9991461
9991460
9991459
9991458
9991457
9991456
9991455
9991454
9991453
9991452
9991451
9991450
9991449
9991448
9991447
9991446
9991445
9991444
9991443
9991442
9991441
9991440
9991439
9991438
9991437
9991436
9991435
9991434
9991433
9991432
9991431
9991430
9991429
9991428
9991427
9991426
9991425
9991424
9991423
9991422
9991421
9991420
9991419
9991418
9991417
9991416
9991415
9991414
9991413
9991412
9991411
9991410
9991409
9991408
9991407
9991406
9991405
9991404
9991403
9991402
9991401
9991400
9991399
9991398
9991397
9991396
9991395
9991394
9991393
9991392
9991391
9991390
9991389
9991388
9991387
9991386
9991385
9991384
9991383
9991382
9991381
9991380
9991379
9991378
9991377
9991376
9991375
9991374
9991373
9991372
9991371
9991370
9991369
9991368
9991367
9991366
9991365
9991364
9991363
9991362
9991361
9991360
9991359
9991358
9991357
9991356
9991355
9991354
9991353
9991352
9991351
9991350
9991349
9991348
9991347
9991346
9991345
9991344
9991343
9991342
9991341
9991340
9991339
9991338
9991337
9991336
9991335
9991334
9991333
9991332
9991331
9991330
9991329
9991328
9991327
9991326
9991325
9991324
9991323
9991322
9991321
9991320
9991319
9991318
9991317
9991316
9991315
9991314
9991313
9991312
9991311
9991310
9991309
9991308
9991307
9991306
9991305
9991304
9991303
9991302
9991301
9991300
9991299
9991298
9991297
9991296
9991295
9991294
9991293
9991292
9991291
9991290
9991289
9991288
9991287
9991286
9991285
9991284
9991283
9991282
9991281
9991280
9991279
9991278
9991277
9991276
9991275
9991274
9991273
9991272
9991271
9991270
9991269
9991268
9991267
9991266
9991265
9991264
9991263
9991262
9991261
9991260
9991259
9991258
9991257
9991256
9991255
9991254
9991253
9991252
9991251
9991250
9991249
9991248
9991247
9991246
9991245
9991244
9991243
9991242
9991241
9991240
9991239
9991238
9991237
9991236
9991235
9991234
9991233
9991232
9991231
9991230
9991229
9991228
9991227
9991226
9991225
9991224
9991223
9991222
9991221
9991220
9991219
9991218
9991217
9991216
9991215
9991214
9991213
9991212
9991211
9991210
9991209
9991208
9991207
9991206
9991205
9991204
9991203
9991202
9991201
9991200
9991199
9991198
9991197
9991196
9991195
9991194
9991193
9991192
9991191
9991190
9991189
9991188
9991187
9991186
9991185
9991184
9991183
9991182
9991181
9991180
9991179
9991178
9991177
9991176
9991175
9991174
9991173
9991172
9991171
9991170
9991169
9991168
9991167
9991166
9991165
9991164
9991163
9991162
9991161
9991160
9991159
9991158
9991157
9991156
9991155
9991154
9991153
9991152
9991151
9991150
9991149
9991148
9991147
9991146
9991145
9991144
9991143
9991142
9991141
9991140
9991139
9991138
9991137
9991136
9991135
9991134
9991133
9991132
9991131
9991130
9991129
9991128
9991127
9991126
9991125
9991124
9991123
9991122
9991121
9991120
9991119
9991118
9991117
9991116
9991115
9991114
9991113
9991112
9991111
9991110
9991109
9991108
9991107
9991106
9991105
9991104
9991103
9991102
9991101
9991100
9991099
9991098
9991097
9991096
9991095
9991094
9991093
9991092
9991091
9991090
9991089
9991088
9991087
9991086
9991085
9991084
9991083
9991082
9991081
9991080
9991079
9991078
9991077
9991076
9991075
9991074
9991073
9991072
9991071
9991070
9991069
9991068
9991067
9991066
9991065
9991064
9991063
9991062
9991061
9991060
9991059
9991058
9991057
9991056
9991055
9991054
9991053
9991052
9991051
9991050
9991049
9991048
9991047
9991046
9991045
9991044
9991043
9991042
9991041
9991040
9991039
9991038
9991037
9991036
9991035
9991034
9991033
9991032
9991031
9991030
9991029
9991028
9991027
9991026
9991025
9991024
9991023
9991022
9991021
9991020
9991019
9991018
9991017
9991016
9991015
9991014
9991013
9991012
9991011
9991010
9991009
9991008
9991007
9991006
9991005
9991004
9991003
9991002
9991001
9991000
9990999
9990998
9990997
9990996
9990995
9990994
9990993
9990992
9990991
9990990
9990989
9990988
9990987
9990986
9990985
9990984
9990983
9990982
9990981
9990980
9990979
9990978
9990977
9990976
9990975
9990974
9990973
9990972
9990971
9990970
9990969
9990968
9990967
9990966
9990965
9990964
9990963
9990962
9990961
9990960
9990959
9990958
9990957
9990956
9990955
9990954
9990953
9990952
9990951
9990950
9990949
9990948
9990947
9990946
9990945
9990944
9990943
9990942
9990941
9990940
9990939
9990938
9990937
9990936
9990935
9990934
9990933
9990932
9990931
9990930
9990929
9990928
9990927
9990926
9990925
9990924
9990923
9990922
9990921
9990920
9990919
9990918
9990917
9990916
9990915
9990914
9990913
9990912
9990911
9990910
9990909
9990908
9990907
9990906
9990905
9990904
9990903
9990902
9990901
9990900
9990899
9990898
9990897
9990896
9990895
9990894
9990893
9990892
9990891
9990890
9990889
9990888
9990887
9990886
9990885
9990884
9990883
9990882
9990881
9990880
9990879
9990878
9990877
9990876
9990875
9990874
9990873
9990872
9990871
9990870
9990869
9990868
9990867
9990866
9990865
9990864
9990863
9990862
9990861
9990860
9990859
9990858
9990857
9990856
9990855
9990854
9990853
9990852
9990851
9990850
9990849
9990848
9990847
9990846
9990845
9990844
9990843
9990842
9990841
9990840
9990839
9990838
9990837
9990836
9990835
9990834
9990833
9990832
9990831
9990830
9990829
9990828
9990827
9990826
9990825
9990824
9990823
9990822
9990821
9990820
9990819
9990818
9990817
9990816
9990815
9990814
9990813
9990812
9990811
9990810
9990809
9990808
9990807
9990806
9990805
9990804
9990803
9990802
9990801
9990800
9990799
9990798
9990797
9990796
9990795
9990794
9990793
9990792
9990791
9990790
9990789
9990788
9990787
9990786
9990785
9990784
9990783
9990782
9990781
9990780
9990779
9990778
9990777
9990776
9990775
9990774
9990773
9990772
9990771
9990770
9990769
9990768
9990767
9990766
9990765
9990764
9990763
9990762
9990761
9990760
9990759
9990758
9990757
9990756
9990755
9990754
9990753
9990752
9990751
9990750
9990749
9990748
9990747
9990746
9990745
9990744
9990743
9990742
9990741
9990740
9990739
9990738
9990737
9990736
9990735
9990734
9990733
9990732
9990731
9990730
9990729
9990728
9990727
9990726
9990725
9990724
9990723
9990722
9990721
9990720
9990719
9990718
9990717
9990716
9990715
9990714
9990713
9990712
9990711
9990710
9990709
9990708
9990707
9990706
9990705
9990704
9990703
9990702
9990701
9990700
9990699
9990698
9990697
9990696
9990695
9990694
9990693
9990692
9990691
9990690
9990689
9990688
9990687
9990686
9990685
9990684
9990683
9990682
9990681
9990680
9990679
9990678
9990677
9990676
9990675
9990674
9990673
9990672
9990671
9990670
9990669
9990668
9990667
9990666
9990665
9990664
9990663
9990662
9990661
9990660
9990659
9990658
9990657
9990656
9990655
9990654
9990653
9990652
9990651
9990650
9990649
9990648
9990647
9990646
9990645
9990644
9990643
9990642
9990641
9990640
9990639
9990638
9990637
9990636
9990635
9990634
9990633
9990632
9990631
9990630
9990629
9990628
9990627
9990626
9990625
9990624
9990623
9990622
9990621
9990620
9990619
9990618
9990617
9990616
9990615
9990614
9990613
9990612
9990611
9990610
9990609
9990608
9990607
9990606
9990605
9990604
9990603
9990602
9990601
9990600
9990599
9990598
9990597
9990596
9990595
9990594
9990593
9990592
9990591
9990590
9990589
9990588
9990587
9990586
9990585
9990584
9990583
9990582
9990581
9990580
9990579
9990578
9990577
9990576
9990575
9990574
9990573
9990572
9990571
9990570
9990569
9990568
9990567
9990566
9990565
9990564
9990563
9990562
9990561
9990560
9990559
9990558
9990557
9990556
9990555
9990554
9990553
9990552
9990551
9990550
9990549
9990548
9990547
9990546
9990545
9990544
9990543
9990542
9990541
9990540
9990539
9990538
9990537
9990536
9990535
9990534
9990533
9990532
9990531
9990530
9990529
9990528
9990527
9990526
9990525
9990524
9990523
9990522
9990521
9990520
9990519
9990518
9990517
9990516
9990515
9990514
9990513
9990512
9990511
9990510
9990509
9990508
9990507
9990506
9990505
9990504
9990503
9990502
9990501
9990500
9990499
9990498
9990497
9990496
9990495
9990494
9990493
9990492
9990491
9990490
9990489
9990488
9990487
9990486
9990485
9990484
9990483
9990482
9990481
9990480
9990479
9990478
9990477
9990476
9990475
9990474
9990473
9990472
9990471
9990470
9990469
9990468
9990467
9990466
9990465
9990464
9990463
9990462
9990461
9990460
9990459
9990458
9990457
9990456
9990455
9990454
9990453
9990452
9990451
9990450
9990449
9990448
9990447
9990446
9990445
9990444
9990443
9990442
9990441
9990440
9990439
9990438
9990437
9990436
9990435
9990434
9990433
9990432
9990431
9990430
9990429
9990428
9990427
9990426
9990425
9990424
9990423
9990422
9990421
9990420
9990419
9990418
9990417
9990416
9990415
9990414
9990413
9990412
9990411
9990410
9990409
9990408
9990407
9990406
9990405
9990404
9990403
9990402
9990401
9990400
9990399
9990398
9990397
9990396
9990395
9990394
9990393
9990392
9990391
9990390
9990389
9990388
9990387
9990386
9990385
9990384
9990383
9990382
9990381
9990380
9990379
9990378
9990377
9990376
9990375
9990374
9990373
9990372
9990371
9990370
9990369
9990368
9990367
9990366
9990365
9990364
9990363
9990362
9990361
9990360
9990359
9990358
9990357
9990356
9990355
9990354
9990353
9990352
9990351
9990350
9990349
9990348
9990347
9990346
9990345
9990344
9990343
9990342
9990341
9990340
9990339
9990338
9990337
9990336
9990335
9990334
9990333
9990332
9990331
9990330
9990329
9990328
9990327
9990326
9990325
9990324
9990323
9990322
9990321
9990320
9990319
9990318
9990317
9990316
9990315
9990314
9990313
9990312
9990311
9990310
9990309
9990308
9990307
9990306
9990305
9990304
9990303
9990302
9990301
9990300
9990299
9990298
9990297
9990296
9990295
9990294
9990293
9990292
9990291
9990290
9990289
9990288
9990287
9990286
9990285
9990284
9990283
9990282
9990281
9990280
9990279
9990278
9990277
9990276
9990275
9990274
9990273
9990272
9990271
9990270
9990269
9990268
9990267
9990266
9990265
9990264
9990263
9990262
9990261
9990260
9990259
9990258
9990257
9990256
9990255
9990254
9990253
9990252
9990251
9990250
9990249
9990248
9990247
9990246
9990245
9990244
9990243
9990242
9990241
9990240
9990239
9990238
9990237
9990236
9990235
9990234
9990233
9990232
9990231
9990230
9990229
9990228
9990227
9990226
9990225
9990224
9990223
9990222
9990221
9990220
9990219
9990218
9990217
9990216
9990215
9990214
9990213
9990212
9990211
9990210
9990209
9990208
9990207
9990206
9990205
9990204
9990203
9990202
9990201
9990200
9990199
9990198
9990197
9990196
9990195
9990194
9990193
9990192
9990191
9990190
9990189
9990188
9990187
9990186
9990185
9990184
9990183
9990182
9990181
9990180
9990179
9990178
9990177
9990176
9990175
9990174
9990173
9990172
9990171
9990170
9990169
9990168
9990167
9990166
9990165
9990164
9990163
9990162
9990161
9990160
9990159
9990158
9990157
9990156
9990155
9990154
9990153
9990152
9990151
9990150
9990149
9990148
9990147
9990146
9990145
9990144
9990143
9990142
9990141
9990140
9990139
9990138
9990137
9990136
9990135
9990134
9990133
9990132
9990131
9990130
9990129
9990128
9990127
9990126
9990125
9990124
9990123
9990122
9990121
9990120
9990119
9990118
9990117
9990116
9990115
9990114
9990113
9990112
9990111
9990110
9990109
9990108
9990107
9990106
9990105
9990104
9990103
9990102
9990101
9990100
9990099
9990098
9990097
9990096
9990095
9990094
9990093
9990092
9990091
9990090
9990089
9990088
9990087
9990086
9990085
9990084
9990083
9990082
9990081
9990080
9990079
9990078
9990077
9990076
9990075
9990074
9990073
9990072
9990071
9990070
9990069
9990068
9990067
9990066
9990065
9990064
9990063
9990062
9990061
9990060
9990059
9990058
9990057
9990056
9990055
9990054
9990053
9990052
9990051
9990050
9990049
9990048
9990047
9990046
9990045
9990044
9990043
9990042
9990041
9990040
9990039
9990038
9990037
9990036
9990035
9990034
9990033
9990032
9990031
9990030
9990029
9990028
9990027
9990026
9990025
9990024
9990023
9990022
9990021
9990020
9990019
9990018
9990017
9990016
9990015
9990014
9990013
9990012
9990011
9990010
9990009
9990008
9990007
9990006
9990005
9990004
9990003
9990002
9990001
