537
550
122
396
577
244
97
521
274
345
285
422
486
275
369
304
237
546
347
176
177
636
147
543
597
123
526
215
556
229
420
439
33
450
89
518
41
186
293
315
439
579
83
271
200
360
484
346
252
177
522
429
68
577
226
573
46
7
134
510
236
554
295
177
351
384
41
300
570
335
523
264
168
514
535
368
220
273
60
473
359
490
156
427
413
383
346
367
298
388
223
534
196
426
619
455
156
568
101
635
157
624
245
325
392
34
40
613
308
8
340
13
407
404
348
74
133
602
350
339
244
573
219
440
254
92
242
410
7
251
299
164
130
452
490
522
487
438
481
49
354
75
624
107
480
226
182
521
82
532
207
326
359
334
20
613
427
262
278
342
422
577
414
552
376
158
420
117
596
156
74
205
231
44
312
619
178
402
487
260
188
40
494
456
374
514
415
55
31
601
397
453
433
66
259
155
224
587
180
75
89
254
280
229
298
500
194
384
249
589
644
345
629
484
147
258
252
471
221
283
418
527
644
197
593
249
260
163
183
440
238
180
40
426
409
246
273
512
630
430
447
620
121
423
358
269
589
611
86
156
148
412
29
139
610
530
388
124
40
479
565
186
6
605
613
415
198
140
181
174
570
629
49
37
306
315
214
241
180
208
305
329
621
243
376
485
119
18
609
159
498
520
254
504
380
121
173
486
261
355
6
177
238
617
122
544
279
337
39
367
453
252
42
420
495
418
159
615
437
115
28
189
543
190
39
177
311
120
9
572
383
578
95
621
541
218
419
74
463
458
442
262
57
392
591
460
157
96
329
502
119
358
599
571
456
638
94
114
12
104
32
396
28
36
363
477
162
37
552
625
495
248
141
460
640
640
175
51
645
504
461
110
116
406
589
573
298
592
33
311
604
627
615
540
9
232
363
171
269
169
50
19
417
100
387
312
86
562
363
77
413
79
96
437
485
31
356
130
531
297
349
481
179
310
367
188
542
639
268
158
154
226
177
480
326
564
138
413
473
409
490
140
488
494
485
228
526
188
266
403
393
615
139
572
271
506
15
159
491
191
225
554
417
402
380
652
221
426
319
602
89
63
650
486
558
481
60
338
577
326
649
317
195
134
143
466
549
66
533
294
165
105
194
491
415
482
489
544
162
154
492
252
217
488
646
29
316
614
367
147
194
363
372
389
497
516
109
392
490
642
595
2
1
135
401
325
526
144
215
34
298
616
194
423
450
186
361
20
146
74
168
248
437
540
637
189
310
92
489
55
643
430
619
644
474
366
223
346
510
439
380
62
401
483
393
105
577
100
34
632
83
110
226
520
558
210
617
123
210
453
178
199
137
51
98
611
325
321
303
89
106
592
151
415
421
452
429
252
461
463
230
544
481
457
318
385
13
282
416
223
643
502
331
126
553
429
84
224
96
295
313
111
141
372
526
470
79
209
69
540
18
299
430
407
102
2
47
23
284
463
155
273
312
486
308
119
261
300
344
357
595
565
376
83
192
249
553
271
458
530
65
385
176
495
46
278
497
93
210
36
557
365
217
123
197
525
242
366
79
494
631
21
406
354
12
506
511
473
31
223
350
96
608
434
499
563
620
250
2
176
286
559
449
412
28
646
283
271
266
271
111
244
200
425
506
212
185
363
593
216
586
197
312
449
631
157
358
598
316
360
28
602
174
478
360
110
378
552
289
645
169
309
143
369
80
649
489
174
358
336
390
198
534
611
647
419
22
259
363
338
528
392
287
48
124
555
66
502
361
356
493
438
11
636
61
653
631
550
173
243
141
564
442
21
429
343
440
451
603
58
136
477
358
331
433
482
140
499
330
502
201
78
194
120
60
256
120
600
60
293
189
201
111
539
130
540
229
571
246
86
537
382
471
241
621
250
631
107
3
307
609
113
293
150
233
354
314
261
208
374
555
305
576
574
99
614
369
328
439
615
322
322
343
139
471
310
297
448
325
208
10
189
321
303
339
463
565
561
70
119
281
533
333
111
454
432
72
77
14
419
38
336
88
289
383
467
507
26
262
178
142
180
367
464
391
614
181
303
521
251
330
57
131
9
168
493
349
148
570
363
568
516
607
564
151
336
377
566
270
547
90
413
73
366
131
465
326
312
22
102
471
352
159
510
270
235
349
619
384
173
237
206
597
190
116
94
527
401
568
51
295
5
464
276
279
503
649
605
161
17
53
541
278
120
397
456
356
93
421
86
174
4
200
118
103
316
120
630
625
35
27
266
602
400
451
227
249
446
86
319
372
48
206
650
168
603
452
524
604
127
