6019
8469
2446
8017
2077
1127
4421
9410
1281
3097
9475
3628
11527
4012
6861
6234
1038
1706
6537
3010
12171
11311
1234
5019
8968
1159
11614
12157
11713
6447
7680
10458
2595
10126
6155
9719
3979
3302
6808
10307
11446
9010
6662
3379
701
1202
9613
6787
2908
3829
9797
7805
7866
11031
503
4513
4916
4844
4349
4308
11291
12030
2446
6612
2561
1327
4010
11588
4629
3544
9574
3755
233
3915
7134
935
10165
4426
7722
752
982
10245
1284
1574
1681
6834
6088
6597
11678
3163
10906
3374
7919
6078
9986
10481
7405
6722
9748
4760
10267
12048
8515
3226
8690
8375
4161
6534
5528
4609
12
11557
2533
1296
810
4214
8131
11945
10812
7488
2788
2123
10863
10707
8201
1254
1593
8332
703
4067
771
10970
3795
2013
1875
164
3114
11084
6698
1368
3372
6710
604
10953
8007
6462
2846
8864
6086
6384
9078
8874
1233
7620
12308
9434
1601
1580
10492
2304
5648
3990
953
9443
11050
7875
2333
1843
11685
9031
3212
7784
8467
8863
6416
9200
3004
1988
10790
9091
1099
7548
5644
2332
2847
5631
4493
4448
12259
2664
11799
5586
6654
5478
7755
5383
1033
10088
12274
5444
11845
3165
907
717
4754
7323
2644
7759
2038
1113
4529
3137
8661
2899
5469
4235
1257
9962
1409
1195
5353
888
6781
12007
6366
7262
10117
125
5029
2796
5570
9600
11008
6477
10317
3441
6527
640
11200
8565
1754
8455
4428
3141
11355
2623
7376
5338
5312
8786
6533
10665
9674
6040
3077
3719
981
5920
3845
11057
8716
2141
1062
7403
8618
11379
10845
7871
4746
2450
9162
11547
10906
1269
2367
2666
8940
9744
8004
1931
11256
7263
275
8609
6029
3352
5054
12057
9273
8899
10793
5668
3766
4581
5798
64
8686
4322
661
1111
6772
9824
5384
10404
3819
478
749
438
2948
1479
2369
1883
1468
7691
10492
7497
11044
8272
7233
722
9898
10752
11437
1343
3012
4914
1407
11699
1962
7116
5536
8735
4619
3647
6818
1164
4125
294
1603
7073
6820
9019
8956
8289
4390
12174
3465
8160
8125
3425
1608
5702
1856
724
7046
9916
10686
1179
2020
327
8295
282
1788
5640
3929
1333
6805
8054
6674
1134
7853
1173
2879
4488
9462
7269
9388
5654
8155
5193
9079
2489
3621
10935
3214
3393
1256
6626
4573
3276
12000
5594
3559
1468
11235
7488
7848
10766
8269
2201
4626
3801
3374
7505
1016
5563
7501
10404
11217
8382
8323
7975
10872
4671
11636
6812
8064
572
1117
5363
3848
5843
10958
133
7311
2598
348
7885
1043
8617
10086
10716
5144
6187
5900
6160
11750
6127
9291
3372
2189
10340
11347
740
2690
10662
7552
10755
3960
1395
3797
535
7238
2434
668
7276
10079
1016
2840
3848
2359
606
2243
7504
11840
8144
1343
11269
1950
3360
2320
9186
1380
6393
9926
4070
9781
5157
7551
1421
11599
11349
7003
6517
6509
7671
1472
4268
1414
4312
842
3773
9965
3086
4003
9484
3956
5347
1158
10953
8707
8525
7819
2813
7644
5424
6884
5105
3308
2114
11573
2586
6189
6255
1829
378
6652
3301
9693
792
340
10535
9613
3031
6347
1295
5242
10303
11689
11447
8936
8076
7652
9481
3615
2975
2584
10499
806
10939
5340
58
6252
11529
11360
8081
11907
10739
4109
2005
11531
9496
5267
1549
206
11614
2845
10495
9597
2213
9622
11259
3015
4953
8419
6631
654
3729
4809
1461
7395
2875
6566
1326
2084
10653
2133
6717
9071
11289
8723
1007
1190
6716
2557
6444
6009
10449
4618
8332
341
1919
7270
3357
11919
3368
2714
253
12145
249
6761
7219
3125
1006
1271
5209
11659
8451
11926
1135
7420
1054
2143
1336
7770
9747
7780
6506
7875
78
2517
8216
1997
9788
4299
1596
5882
7013
6896
5706
12310
1336
5651
3114
7389
6922
1049
6728
3053
654
589
3199
6756
7779
9582
7252
5205
5042
1437
759
5120
3955
1702
12164
6469
11048
6486
30
10788
1061
10784
10777
7444
4114
1570
2513
3763
2619
1967
11863
8320
7603
7788
7802
3062
5049
2734
8267
2817
9218
1753
663
5899
3455
507
47
7229
12040
5125
5696
5828
8635
4152
951
5475
5722
8511
9238
1067
3204
1506
9388
10808
9294
9916
1549
7070
329
9816
9887
2274
4295
10551
8173
7750
3784
947
7706
3503
11119
1081
9331
7433
5234
3009
587
3682
4246
2552
4750
7451
4058
6864
5938
1032
4459
7487
8102
9836
10029
10715
12110
2004
8945
688
2480
408
6682
10186
8959
5480
11268
11016
5639
9228
1704
6227
589
5951
8779
10386
1081
516
4929
12066
6595
9389
12279
7423
11951
2713
5818
4466
9764
7489
5154
12245
624
4563
2836
9583
2769
6830
1004
8409
3737
2709
7362
9374
1386
3820
7439
7514
9383
48
7259
8705
2163
12264
3807
6840
2656
2351
11306
100
2567
9186
5071
3191
1428
633
5500
4198
7464
6504
286
3927
1939
7648
6027
3325
4194
1146
3565
6303
6241
3550
2687
1130
3493
11542
7970
11197
6619
6955
11297
9186
3820
9094
5103
10296
9727
10603
2173
4870
9834
7506
1524
11773
7880
7551
7825
4800
1423
11390
11103
7664
2620
6517
1520
11160
5738
9490
10036
36
9171
1738
1949
671
10832
7052
10967
965
10382
5866
10882
7895
1051
85
7347
1657
363
7898
6457
1786
6968
5239
2177
2314
11756
3697
6200
10220
5914
3916
2983
2764
10701
4932
3435
1939
4710
7128
2904
2771
5720
1465
10666
6771
1551
10740
1154
6961
11364
7611
8747
11058
5577
3650
1051
10059
7348
12299
7959
5988
8941
3668
8752
7321
1326
4914
1986
6036
4768
4890
1534
10489
6356
4926
9986
633
3345
11141
7594
7436
6431
9067
6173
12008
397
12272
9747
471
12250
10432
6459
8870
1779
7937
8917
3105
530
10904
1867
10346
3473
3401
8514
2555
8328
6179
8235
4399
4999
8555
11835
4157
5302
5688
3844
10746
10686
6317
3943
10615
4428
3128
12211
6207
11065
8807
2038
4322
116
8953
2347
3590
33
3587
11192
1087
2492
7107
5487
7492
3341
10048
11649
1369
8462
8219
4841
6827
2216
8784
5121
11691
11912
5011
10625
3383
6545
342
431
6661
9295
7825
2977
2055
11412
1849
3142
1583
1682
1355
1801
10070
11404
6176
4166
7545
7122
9007
2052
9338
10518
12220
1434
2835
4911
12059
11265
4182
81
11696
10843
2102
7200
6547
4157
11338
1122
26
5648
2804
1381
7449
553
464
6352
9766
8010
1153
6453
10062
3217
9697
2687
4651
211
7598
4390
11477
4506
9518
10852
8076
11620
10779
2302
8504
2522
3424
8530
8170
11275
9911
8346
4554
10376
2377
2000
11112
8577
1179
1579
11794
10876
4266
9171
11087
4591
1240
10243
9097
10758
1501
9899
2784
5006
12201
11288
7528
8351
223
3378
7305
10134
4450
11860
915
11874
6586
4753
8130
7765
6332
329
6320
3325
9500
5086
7916
3467
8056
9739
6951
2283
44
9735
7289
12245
1428
2496
1002
6698
10921
1033
4512
8097
5619
10474
7650
12205
7954
8506
7649
1965
1561
1648
10337
3788
11782
10979
7255
243
8398
6932
2526
8442
4347
2541
1092
10822
10084
7141
5200
8685
8175
2438
9508
1473
5638
9885
6405
1271
11117
1733
8284
358
8429
6300
9193
616
4959
4127
859
6083
11059
3385
7251
8132
10973
1069
11681
8736
8211
4560
10147
9112
12045
7335
3311
5362
4899
9716
6634
8742
4176
7644
9100
284
1623
5972
5947
11629
2825
6806
10438
6611
2917
10415
7469
1569
11485
6829
10305
101
4115
8132
1939
3839
8193
5250
9202
771
7693
8562
9513
11869
3885
11340
4879
10555
10038
10826
2590
5590
10358
707
4927
954
11123
75
7570
3013
11952
10601
3114
3746
6412
10100
7586
7331
3029
9514
8102
3448
10802
10342
2996
2366
2087
601
5647
4851
4153
963
10441
2190
6718
3047
8191
10567
8170
8487
1259
7801
6768
9420
11547
5906
7199
11859
917
2954
9052
1745
6403
259
4813
2125
2625
6900
7774
999
4478
11927
1962
7645
6844
1406
3419
7761
11973
11589
3928
911
12116
3422
3057
4068
9328
10256
3607
2971
5937
5385
4717
19
5645
9530
7191
996
9157
2644
7042
6361
7298
1731
1685
1821
3137
5104
2308
2790
4372
11283
8748
9214
2384
11806
962
4439
2467
9616
7410
8404
2680
12127
1149
1051
2063
8341
7095
3946
3711
1816
10307
11009
8594
4718
509
11732
9823
7865
7248
6921
6827
8722
3815
9212
933
4777
1330
3401
2072
1466
4531
9799
6320
10728
10851
8383
11795
10672
5055
3185
167
8088
1874
8762
485
7430
899
10308
2974
873
4909
9802
9595
8724
11740
10529
6227
5796
6656
8299
7262
11187
10824
1261
2320
2080
2370
1794
431
7425
4980
5646
8239
11901
7134
8725
7010
8033
6712
2711
8906
4347
5239
11227
5797
4658
9435
12024
3180
3770
728
10442
7684
4279
4430
10004
6359
6800
4525
6791
6952
2231
116
2870
1811
7250
4321
1547
8009
11034
4258
9641
8107
9497
8547
6631
6881
10709
6334
10061
7205
12110
909
2568
4068
5339
5299
3153
4865
2550
9944
4543
4781
2786
140
11639
10036
4461
865
10771
8221
10171
8091
4008
7347
9365
10639
6955
479
9699
4695
7684
2214
10651
10253
11329
8716
8278
2162
6308
10828
4832
10851
8335
7619
10991
7653
10381
8179
8518
1558
4079
6368
9649
813
6442
11740
4178
1076
12219
6604
10818
7583
1544
1875
10562
553
10591
11566
7762
4578
10073
5320
8156
11134
618
6826
6466
3726
7731
7710
5284
11811
6805
7659
5350
5973
7079
9529
12096
12024
8859
10593
12
10403
5194
10574
3682
3465
9819
4170
769
297
9491
8925
11431
2835
8478
10623
6561
3888
11060
11845
8425
5544
12231
6502
11517
12036
3710
11292
11739
5295
2290
11752
3377
7485
2731
7060
3676
5277
11230
9492
10621
8400
6097
2458
3962
7301
760
10523
3915
11820
2774
5067
10090
2684
11569
9286
2399
8005
983
1817
979
3274
6295
4356
3485
1753
4142
7161
7030
8099
9379
10377
9225
8202
514
866
3182
6322
11390
12145
5821
1843
4891
3591
9574
9186
5603
11973
4870
6587
6516
10896
9861
5538
2931
6072
7291
12121
5959
7047
7899
3017
5103
9850
11220
10665
10717
7128
4666
2512
11999
10487
9402
4569
6804
6655
6481
5134
6307
11351
11721
5549
9926
1987
11087
5584
8059
11104
10431
1697
5830
6009
9761
3660
8585
1386
7051
6981
8515
11717
9493
8193
2609
11621
5489
9414
5955
11970
7274
4988
3727
6674
10538
6379
8661
2030
4689
9446
814
2799
3869
11691
1534
6356
8077
10120
7743
2807
9827
3937
2203
12047
4856
4813
11347
3071
6953
4982
7768
1906
9970
11495
1306
913
10600
2693
7991
2969
12139
8805
10815
8734
901
29
2769
8979
2875
10512
11786
381
7175
6716
107
4758
4255
11455
7829
11208
4116
3276
5840
6812
7497
12193
452
10824
2565
8443
1472
7430
9974
12287
3843
10875
5042
11659
259
7917
2577
12046
1025
2478
11488
1132
7236
3422
266
7792
7356
9429
3794
5922
8968
11292
5794
2146
9795
8359
3315
3993
8515
6015
9006
5084
4569
6775
4422
9876
2371
6999
2327
3396
2204
1494
9576
9440
4916
2568
4911
4998
11998
8706
10920
1371
403
4393
8564
2924
5478
11879
11964
1672
5573
8649
6756
2868
3103
3904
5470
10522
3630
7797
6644
5834
9291
8946
2953
6933
11515
591
11931
3918
2023
10530
10336
7473
7649
6579
10397
806
11184
10040
2478
9483
11415
1960
30
7245
5865
5501
10493
9495
6024
9863
3008
2995
6489
11008
9928
5683
11599
2265
2327
6348
474
342
1500
8124
6921
4623
1656
5784
7389
9182
7993
6484
11142
8023
6455
4686
6250
9674
6907
5001
7216
2641
7996
6431
1329
10650
4840
5654
594
7167
12003
6116
7509
1182
6966
7156
5806
8622
5666
5921
5483
1338
5131
9352
2088
11586
6764
1064
1665
1351
6065
8882
3992
1740
2992
5321
5117
7833
10976
10758
7726
3384
9600
2915
4566
4245
10071
3098
5594
3417
9020
3803
4755
1830
834
11890
6143
325
634
7808
1676
6699
9416
10715
8440
5135
8763
6283
5694
144
4720
1099
3528
2000
4014
820
11292
6812
8966
4565
2955
10712
1095
436
5268
6976
6
11411
7301
640
11946
8977
7339
9041
98
8505
6902
8861
2467
275
1731
7188
1375
5259
1914
10436
11126
885
4927
7771
10498
608
6162
11593
1045
11431
6248
6098
3247
1229
6738
2872
2932
6803
4640
3030
2988
11542
4617
5455
11818
6348
5369
5919
4333
9
4034
3139
5942
1688
3636
4119
7343
2525
8438
8388
6682
2365
2165
9929
8641
1629
5528
4300
8433
2894
7330
11421
2115
4674
9602
6659
11022
7698
257
8082
433
9339
11221
6375
3753
7583
10494
11096
10108
6611
7164
4469
1703
2055
7125
3070
8732
332
7370
4844
3226
7427
8991
10388
12101
11319
4727
3528
11743
10031
11610
12177
12096
3236
6231
3528
10820
9452
2304
1333
3742
2194
10850
10492
4249
5654
1242
5707
11033
8612
3277
6985
3718
4994
5052
3498
3993
2505
12074
8462
5263
11363
8318
5038
2279
7276
8567
5825
4407
10871
7158
875
744
5687
11368
10040
4067
289
8474
2779
1627
11751
9764
10393
4425
7543
6617
1144
2774
6370
9606
8037
5413
5604
5802
418
5606
2048
6243
10013
5645
6127
10888
11436
11815
2661
1881
3561
7997
10355
11388
9625
9786
8831
423
6937
9100
7040
8081
11875
1090
5366
7591
11550
3696
1072
11968
9302
8167
10937
12041
6538
4743
10609
5653
9284
5996
7535
5572
1673
10616
4639
4024
807
6196
4447
7744
2976
11487
3504
2530
5303
1597
2847
4532
5293
8967
9226
7322
9860
7842
7042
4078
5312
10377
9731
2275
4053
9992
7847
10773
1014
165
2476
1821
6362
6923
9566
2064
11136
5796
9641
4119
7393
167
1377
5413
1860
10604
414
11721
11172
182
3478
4163
3286
5935
6439
65
8654
1965
10838
9668
7178
993
11489
1219
642
1460
8330
11778
7257
5650
3576
2329
10864
4954
7742
404
8284
882
4851
7135
6112
8329
11299
9398
6990
5417
9463
3323
108
706
5717
7286
1699
4886
1231
2341
11393
9561
6845
6329
2890
10422
1385
1434
8102
1853
6885
4065
2736
11736
3926
1574
470
2904
10972
7460
1047
840
3510
1156
1546
9227
1168
3245
6839
2400
10633
5912
4687
10204
12241
7578
8305
1305
1738
9133
8206
1349
5924
3668
764
9851
5242
6281
5481
3893
1420
11576
4733
9977
5458
11326
6884
6626
2250
1402
1752
5609
7314
6440
3492
12282
6744
4524
6313
8482
6383
2198
2557
12308
5866
8368
2564
11108
2328
771
7727
8795
5073
139
6452
10531
11465
1015
9884
6441
2417
11636
4776
2458
5755
995
2419
178
10566
1458
1386
4628
3657
8990
9662
9523
5037
4952
8311
7365
10771
3717
3840
3523
8904
10292
1734
774
4033
4344
12263
11497
3659
9765
1634
2141
10760
9100
7366
9005
10559
1479
6360
6942
10469
3701
4144
8233
1380
5181
3277
12151
1625
12164
3353
3255
2861
10134
4029
6894
2157
9018
6071
10864
6463
431
5731
9949
2258
776
11681
5543
7302
5720
164
5451
2147
9355
1363
3527
2216
9687
3357
3841
2257
6711
12143
5118
4524
3851
4739
11729
5596
10810
10272
4785
3967
3682
2413
11272
9505
1773
4494
4487
7493
9705
2664
9641
6740
9074
5894
8956
6440
9252
5523
8697
3642
5345
6542
892
1922
11281
5347
244
2496
8345
5029
11510
4753
7443
10462
1938
1942
7682
11472
2162
5067
1815
11803
11807
10889
5376
1168
10055
7354
11738
11479
3722
9809
5700
4615
4457
9707
2688
4702
12203
11034
2457
11392
3466
9900
9533
5404
4569
4895
4555
6731
9962
11417
11260
2174
2711
9362
8389
446
4396
7806
11925
8118
10341
10351
5459
2477
7737
8148
12226
7619
6861
2363
11737
10327
4989
8950
8458
9558
6571
5739
3968
9259
4836
7954
11433
273
4996
7501
719
9392
8033
5370
5189
6053
3400
3375
8530
11137
11523
1162
11482
6063
3525
10899
9116
1240
254
10300
3525
6825
3719
219
3763
1281
8174
7922
1554
849
3102
7321
10241
3861
370
8156
9914
3771
4257
11170
7634
3459
5058
11843
2248
8583
10421
4091
2550
10675
2070
6075
10226
10836
6294
1668
12117
2147
9590
6398
2996
5418
1398
5963
2005
1768
6846
11919
10586
11103
3494
10947
7289
8553
10469
9537
9862
8569
6354
91
11970
8425
11213
9875
6940
5187
11543
11784
7334
1538
5861
3057
12003
12306
1746
1687
6800
1318
6332
5066
5148
9826
3692
116
11105
1840
2379
1373
3135
8734
6511
2784
9885
5404
5385
4504
10591
9654
9014
10651
11192
2554
6434
10874
7586
907
5287
2066
2225
11619
7132
7373
1850
3550
215
635
10437
2595
7055
6298
4055
1245
1808
1619
6649
7193
11170
9966
4526
7864
1023
8444
3144
7457
6997
10731
8364
12284
476
3316
4308
334
3415
6158
8931
3631
11840
12094
11273
6574
6071
3007
7820
7879
9673
2148
7798
8522
4841
3
9112
5864
8447
12257
1000
8170
3393
2091
859
8916
5407
5167
1976
8822
4051
10907
5179
3571
3406
4131
10145
9477
12185
5644
10082
9537
519
5559
10786
5360
10609
7577
11224
11782
239
4950
7631
8679
7041
1216
5274
5174
6383
7250
1676
3160
10883
11902
6731
1968
3713
4556
4171
3577
2926
6979
5841
3445
5264
4306
1531
3552
4609
434
3013
9896
5385
3370
6254
5152
4586
11529
10327
3695
11505
4729
6856
10068
4310
1266
4762
749
10869
8934
4327
1475
8639
2894
9967
1583
12247
11499
5135
9582
4659
875
7157
2770
4245
6138
7923
8832
10393
5929
206
9577
3384
12109
50
7694
1055
4813
8444
11924
6473
5497
6125
2791
1117
8819
4374
1043
7997
2236
10625
5382
3111
10509
8153
7356
4326
3755
8914
2398
2410
1847
4701
5794
1635
4752
6214
2690
9565
7384
7341
8764
5607
6192
11555
6724
2690
8656
7767
3413
3618
11119
8796
6729
2033
4628
6811
11406
1109
3405
1483
3519
5252
6184
9313
6887
3662
8253
2304
906
3317
9645
2396
8924
3516
6678
3328
11254
3013
3821
2346
6631
7666
11142
6086
9699
8496
576
8784
9605
3981
2993
803
1959
1904
2842
8847
5566
3822
11151
11520
7139
1201
1595
3742
9764
8273
12117
8697
4012
3618
3770
3369
4010
2591
2181
1389
3814
2758
2899
1098
11786
5893
6949
1425
7797
2517
2998
6089
6339
6875
5288
6204
802
11931
9947
10566
609
2469
11990
9669
11134
3439
5764
2824
11077
7946
4213
2570
10704
12159
8716
2895
5731
8391
4320
6254
10908
44
5070
9974
6919
3084
3857
7721
2694
6530
11014
8351
9000
10683
5699
7813
6848
11463
10637
10651
7088
7576
5948
10518
7415
2343
1093
5872
3460
5413
4853
2047
10505
9923
4747
5103
686
8605
5551
8428
2814
4244
4458
4540
7653
10157
33
7227
2025
3396
5557
9114
10973
4231
7311
11114
6574
1130
4665
2760
11591
2244
4808
9775
12167
2281
7604
5580
10886
834
6734
6427
10125
11192
10967
5457
1754
3726
5410
3779
7123
10968
5619
10822
2878
5657
9615
2179
6787
7006
4939
6057
9251
2473
8558
1823
4755
3842
129
8367
4676
6863
7520
2481
10781
6167
664
5261
2619
6075
9041
9742
9769
7386
8243
5373
5769
10584
278
236
5270
10265
11340
7247
417
7578
9070
10219
4146
1926
11313
8822
8789
6512
4029
7250
5405
4694
190
8025
3495
1957
10493
943
2070
6416
11363
7839
9726
11642
801
7722
9586
4868
2648
2729
5172
4445
5675
9318
6371
4667
10866
7886
11179
2575
2815
9311
12316
8053
5015
8537
2736
3187
9480
9853
2329
1248
5372
4782
569
11220
183
10155
8814
2832
5611
1665
3
11286
3709
6374
3632
2255
1939
7537
9877
9802
4527
9872
10581
2268
6088
996
5456
8294
10850
511
9542
8948
5293
2838
573
5477
5719
9388
1035
11330
3779
1038
10295
7489
138
6653
2470
7124
1870
26
9652
11444
9898
7912
1392
8712
1635
11895
9732
5211
5132
12000
1838
10426
2517
7458
8629
8237
4525
2390
12293
1031
3428
10268
1246
8613
4600
3716
8463
11517
3742
5795
3367
6366
1386
9806
7804
8068
9380
5215
958
2191
4894
7843
5343
138
2981
1651
1101
232
4041
1073
1263
195
11341
2509
1534
8668
11272
9998
590
7740
8519
3957
1785
9905
1442
2315
10700
3548
256
11658
10787
5151
7181
3809
10336
10162
10508
11437
3120
7275
189
4384
197
4257
11940
6778
604
3618
4455
6241
11358
653
10199
823
3285
11641
8185
1664
2869
8442
6048
1335
6319
908
10191
4334
3796
8378
8497
6917
8380
8686
4027
8577
5669
8693
8081
11320
12311
216
5241
11349
5916
3119
4898
1927
2439
762
8638
10355
1930
2366
4416
8249
8321
2287
5309
4844
3391
1485
11761
11771
10172
8514
753
8567
9933
8835
7567
9924
1777
487
8952
419
3606
6576
7394
11092
64
3711
1853
1995
11124
6269
10244
12172
8556
3233
4695
4674
4718
9182
9171
7616
10422
2651
3863
8034
11486
11430
5637
5989
11917
7315
11455
8249
6617
6528
7020
6682
2966
8873
8677
6816
7869
6600
6667
4104
2559
4088
1504
7278
949
10676
7620
11371
1006
11483
12132
5218
3318
5448
3933
7961
5490
3067
3889
12107
2322
3636
6468
5288
5235
2824
4830
783
2151
11498
9935
4710
3265
11439
4714
9262
2520
14
1038
3526
11497
849
1470
7542
11345
5403
8229
4514
1197
12119
4300
3519
8481
3495
1533
1395
11366
6363
7226
1196
10587
4840
5907
6579
9005
10621
8567
11526
3361
9605
7778
7585
10455
9249
2806
9479
2331
11035
6719
8575
3559
3745
12094
4766
7240
6353
11209
11333
5443
6114
208
8756
3680
11162
8061
364
2189
4307
4616
5550
1592
74
814
4773
9323
8667
6978
4380
108
1376
635
8714
10168
5455
1160
10135
4535
48
9147
2704
11209
9355
11460
2568
923
7201
7979
8159
11508
275
1388
5826
349
7250
10599
2398
8643
10303
6778
8751
4405
139
5145
2253
10642
11352
67
7903
11400
9214
10607
3014
11295
9746
5582
4944
9673
1240
782
1587
6562
7218
7413
6911
2147
10739
2035
3516
1447
1540
12268
5853
1679
10139
8106
5047
1896
899
629
6022
2839
11236
9036
6860
1388
2297
11805
3787
8584
5313
5374
2826
210
5514
2463
7404
3932
4499
10921
5379
6039
3594
3958
444
6459
4790
5492
8355
5689
11168
2056
1254
2810
11092
8115
9245
1068
325
711
2378
5638
6086
5204
5849
4326
394
932
984
4893
4579
6363
3658
8173
3048
4102
2311
7838
2320
10666
6254
1168
401
7508
3978
4219
8349
5949
10334
1400
6660
392
7039
5472
10643
5614
9798
11037
11593
10782
8656
3852
9872
5040
4751
599
9143
7063
1163
4189
10455
7417
10404
3583
7652
2061
7802
8727
736
5816
10128
7397
6208
4846
548
9577
3186
3073
1020
2458
1534
9676
11357
4132
2396
3788
4731
4265
3577
10942
8454
1711
6038
6538
5294
1369
1325
776
10097
2062
6592
630
2185
5526
10523
7780
2782
1388
10853
3802
8893
5114
6205
656
9246
1327
4444
6704
5592
8021
5325
6772
9732
4089
6036
7753
10506
88
8529
8282
7197
7847
1638
2108
1052
12161
9888
8881
6275
8421
363
2847
1214
11615
3503
3186
621
673
9890
11260
8694
2894
10758
11153
6984
4474
6585
5169
9609
7840
6177
9532
3366
541
11640
4418
381
9207
6025
6656
5307
6388
9503
11568
5682
5733
2434
11350
6406
3
10289
7827
7945
8727
11706
7655
5927
11017
5550
3215
6536
4453
5473
2628
4994
4792
7046
5375
1678
5797
12031
12033
12186
1939
4006
10594
398
6440
2350
11852
11491
318
84
12162
1771
4516
7496
7698
3212
5772
3639
2474
10225
9112
5102
2898
6630
4874
999
8309
10671
5756
747
3262
421
4753
1536
5867
3920
3886
5398
3090
9251
10529
7978
11023
2724
3153
11447
5936
1651
2766
8410
11876
4604
1191
7500
11235
6065
1225
12270
9462
6981
5743
404
128
10496
1940
5995
7142
10873
11393
2958
529
2327
10936
4278
5051
1768
3405
10987
3419
11218
12123
8021
8548
6040
8247
188
4831
9472
5184
1973
9179
10927
2377
9308
1829
9364
2982
8971
642
7102
11930
1171
9429
10545
5450
2160
5040
1581
5873
1185
478
10723
1933
9026
4442
10180
1941
9274
7332
7125
3973
9237
5732
6350
6224
7561
3393
9207
9258
4035
9035
1593
10253
6143
4865
8429
1029
9905
10010
11950
3816
10488
10352
5749
12241
2473
8656
1861
4473
8714
8986
8446
5630
7444
7522
11855
7731
3641
1467
9716
402
10502
11309
10656
9371
3853
6764
3127
6484
9501
2756
3027
7668
787
1502
314
8307
10158
7222
5507
6551
8935
6679
4908
4058
1881
4442
4516
10569
10956
1911
10972
1863
899
2033
3960
9800
1523
7087
3963
11024
2569
6990
6372
8403
1219
11733
9437
11377
6635
7670
10655
8296
2028
3242
33
8956
410
4549
7205
4092
11507
10903
5955
86
615
2641
9886
2138
2455
6575
842
5024
6292
12261
6154
7511
4399
3270
11614
11034
10940
2674
7009
5694
10963
12090
2330
11373
9365
2261
8191
8552
843
6872
1364
6505
9514
3976
1369
11969
10551
7258
9719
9569
7198
3552
9806
11598
11869
9100
3037
3214
11774
2773
8909
3143
7589
3965
7242
4633
6226
3113
5911
12116
9985
7275
11347
12225
3977
395
4599
2208
7654
1998
4503
7578
10597
1989
11902
10146
3815
7666
6086
8315
10439
2674
11458
10754
6639
6380
8113
5591
9493
1704
10433
12204
1705
9459
12109
5683
2581
4387
617
2961
11432
5120
10539
9709
12156
2847
260
3650
10513
6346
11966
1357
1747
3829
12111
1112
10209
629
6704
107
7380
4816
5038
9086
7002
4826
7495
2309
1939
8112
5270
6098
5958
8535
8533
10841
11382
8793
2170
2300
7865
6862
3657
2338
10692
8494
3451
1306
1850
10155
1414
9230
7697
6452
5995
7425
4004
6216
9734
10990
7054
2683
4767
692
11219
979
11533
3006
2498
6429
5307
3090
6018
1690
10475
9436
2911
1605
10742
4761
4486
4882
1670
12184
4060
392
7288
790
6608
9749
11781
6389
111
9274
12128
4056
2980
4066
7063
10525
10495
5096
6341
9239
6786
4496
6354
9697
6101
4776
7184
10588
2384
8855
3177
6445
1973
3191
12282
1307
619
11742
7696
5778
1422
7503
9834
9449
11569
9623
7653
2470
2398
6721
11709
9185
3943
5743
11608
10044
3245
6472
1037
5629
8053
9261
4800
10026
132
4762
11333
5798
9230
11756
11576
10652
6938
1816
506
11234
11439
886
6430
1517
7607
5818
3428
11550
4287
2715
1999
7532
1913
3037
5888
9966
5024
10688
397
5156
3129
11731
3681
39
3892
7983
3417
10830
9799
3924
2469
1644
4810
8899
3161
96
7444
11636
4372
11731
7077
6371
11990
8991
2134
5557
11683
7159
8971
12081
5041
12101
4217
1448
12140
835
9432
8283
11665
6910
12207
6861
8554
4696
8486
4441
9839
3609
8803
1890
8067
3560
988
462
5277
8169
6019
9686
8054
2669
2172
5822
7496
11436
7270
41
12271
4381
8325
4342
4018
8211
11203
5298
5634
7368
2466
8199
3704
11269
2816
11771
7555
3804
12233
5558
4699
10978
7971
433
6373
10143
6255
1549
1985
6251
6637
1935
3359
2641
11324
103
3579
10206
5401
1939
10301
593
10138
6731
4589
633
11228
4870
9484
11140
10429
1863
2523
11126
7343
1622
1674
6324
3171
3659
254
9809
5595
3613
5176
4598
8763
1481
7531
1844
3420
10558
7484
1238
4968
12073
1871
8922
4623
4082
7741
7778
10992
2990
6583
6014
4612
8257
17
510
11917
5318
3045
10238
8932
8221
7562
10421
9703
7819
12265
802
11103
155
7087
8797
12228
1685
5398
9577
5767
5865
5034
4438
8855
4343
3178
6194
280
3195
6704
4923
8513
9749
7887
10171
10696
8175
8272
804
3674
942
6654
7503
1097
1420
3980
1005
8152
2104
10582
6645
7970
8343
11083
9551
365
1940
3424
5692
10182
2854
10615
6375
5329
11228
9272
8752
7083
5223
9556
3483
11213
8936
10986
12310
3083
7692
6041
11235
9797
9350
5560
10493
5372
9369
7723
10784
4036
3874
4156
1897
11775
7497
998
4784
6405
10271
6262
1167
8220
3497
9697
7112
5160
8362
12149
8243
3734
10916
12204
6257
7945
5443
4429
6043
7539
12152
4507
11575
8752
8663
6198
8207
8886
7197
5717
2970
10194
11979
9184
11140
8202
6560
10979
1041
7649
10807
9284
4109
9402
1894
10366
10074
7337
7521
3796
2555
7352
8303
6856
8831
9692
734
4717
6258
657
10434
1954
10851
10092
11139
2396
5973
10425
1054
12062
5753
4587
1751
2588
6716
3645
633
4469
10983
8154
991
6264
8233
9295
5847
4743
11713
6581
2186
5650
7238
5346
7605
10815
3117
11470
890
1816
9574
1945
1557
8054
11579
8356
10642
5974
12001
4002
3169
3389
4882
4161
2380
794
6182
8227
10584
5574
7534
5496
3951
2451
10842
4282
5992
6685
3431
6882
1228
5731
1553
7832
1464
812
3867
4833
11833
3548
8835
2682
11984
6443
6843
2043
12285
5751
10270
3274
11325
5483
8771
2955
660
7292
7237
6652
6704
3394
6261
7932
9126
540
8490
3316
6399
37
8149
5912
8632
9710
1320
8295
3833
889
10339
8844
6640
1014
12118
5644
11545
8568
1326
4931
8587
1289
4310
2970
4684
10571
3628
6536
11111
4844
9852
5190
4881
10728
3828
6239
843
5148
2214
9723
6037
5279
6246
356
11340
6044
11047
10564
2291
52
8222
3604
6389
211
11621
3799
10782
2928
10335
2298
7773
592
214
5380
11320
9089
11620
4890
1916
6560
2292
679
4565
8539
1035
3584
7309
4809
6875
2326
9908
2776
5931
3976
2987
5231
7775
6495
886
10836
1519
1385
11429
6781
11812
3154
3549
3837
8044
5466
10397
10337
6145
2641
11602
12228
11273
11637
9763
10874
1642
7350
1329
7573
4053
9363
5531
4554
8584
6417
3070
10103
528
2178
4563
19
5332
839
3857
1056
6305
6980
4119
5176
2348
8447
10130
1300
489
298
12174
2131
7649
6229
2431
4428
3271
7962
8982
11855
7105
12052
2363
359
1909
11974
378
12289
492
9282
6071
11844
3942
2916
9746
6290
4089
7556
316
4578
7854
169
6709
8229
11445
1866
336
2395
2554
9319
6976
9659
1776
2065
10018
8733
1718
3123
8701
2210
84
7498
6780
9073
10414
4206
3042
2182
4488
8405
11807
5068
8574
6195
977
7698
788
6360
2819
3342
8405
2521
681
10182
4587
3425
6594
11352
11595
8021
6289
11680
3198
748
1158
6338
4954
9248
1246
9442
5332
732
2190
6633
11974
8214
7057
441
2253
9877
3784
10659
5124
9512
1246
2437
616
566
1469
12212
8587
7758
4297
4511
8506
5455
3575
6187
2382
4821
8355
7715
5553
10545
2027
5206
11485
9084
5648
1418
11687
9432
4803
4491
6623
11096
6928
12286
11662
1123
4903
654
8881
9200
10212
10114
7382
1466
9027
9764
6287
5061
10205
4566
8333
4958
9772
7497
6769
8146
1641
6135
10304
11491
3352
9653
2992
3007
9619
2333
4130
2201
8034
5738
4128
5925
8578
11510
7391
5284
1679
6404
3071
11885
10970
11404
9569
1148
11628
4017
9294
5995
10153
4
10213
6231
9657
884
9238
6955
8265
6095
1883
3978
11833
6011
2630
8090
10247
2747
6100
11926
9152
9171
4216
527
981
1465
1675
5335
10529
3696
4056
1087
8747
6995
7319
6083
606
4236
5765
8871
10331
7648
5575
2569
6385
8205
3385
4311
10953
9485
8963
510
11383
5906
1037
43
97
7760
10425
10626
4182
7207
11714
608
1882
6712
11738
2488
3674
5182
11359
6732
509
9660
9301
11941
5545
5413
8978
9224
2577
5621
9734
1639
11527
3497
6729
11624
3983
9880
9929
8165
4767
2048
1499
6649
8760
917
1863
5161
6099
5948
11893
11656
3287
1599
4002
1558
7012
660
10782
2316
11328
921
9002
3260
9466
3411
2563
1128
6017
5218
2020
10784
12314
3519
10159
8753
9483
12022
6640
8309
5649
11259
370
1663
5585
4372
3221
276
10079
6730
7639
9086
7651
4321
25
9843
458
7635
10972
6475
5580
671
9986
5573
9237
7824
7052
6400
252
1372
2388
5901
310
7805
290
5895
4903
3512
11219
2662
10242
11584
4474
10619
3584
4500
868
9089
4861
11840
8291
10441
5237
5956
3693
2153
6506
3472
8553
6758
4844
3667
5386
10201
4198
5676
8823
9102
1914
447
11764
4882
12031
3917
8228
8342
1143
9096
5110
11052
8615
6127
9172
1531
12083
5592
8731
6269
9064
10011
706
6634
6404
11139
9561
10603
4495
6063
7384
6409
11557
11874
11292
3994
8517
12246
15
2387
9021
10172
1118
10362
3979
10290
11893
8788
8608
1029
2736
10398
11040
8490
4711
5124
7308
1952
3406
4529
741
3516
3665
5025
8116
7683
9019
9359
7608
1760
11746
4308
4658
543
2349
1363
3560
6968
10152
4894
7997
5614
2972
11764
6830
409
4567
6865
2361
699
11394
8150
9262
7785
5901
5057
3147
2599
7142
3481
9406
6568
7789
1743
12158
2864
8154
3397
2558
5985
1018
3282
4325
3990
2725
11156
4399
18
5700
11808
5764
9820
363
2705
5285
6264
488
1158
1589
7630
4640
10995
1877
5155
5464
6762
8020
6344
10159
3304
5055
11177
11633
9381
7893
2037
942
12293
7102
6642
4506
545
9188
4869
3250
2152
11133
8785
3311
5448
4095
7951
9169
11019
785
2312
10507
1531
8657
8346
9883
6438
12249
9195
3498
548
3959
4440
520
11061
3808
10073
11607
676
2621
7583
2828
6480
4048
11186
11928
869
11863
8776
4614
5375
3814
2801
6906
5197
3873
9515
11636
8848
11437
7860
9396
3075
12301
2642
1815
3788
5441
6148
9511
8062
1411
19
2221
10506
11205
6875
4101
3474
8377
1441
8849
4918
4242
8481
2841
841
5676
2156
2416
4792
2743
4538
7867
2723
7181
2408
11558
5348
1283
8749
1090
7741
1494
8358
5926
5425
7960
2753
8899
4016
4194
5427
1660
8437
1588
4502
2004
12311
11705
4420
4782
2127
8959
5375
9897
8866
509
1861
1893
1792
3336
8030
9533
4830
4068
8185
2981
12028
10938
11881
8770
2812
10034
10431
3975
4348
7659
11026
4338
7043
8173
1846
9171
4811
12268
6747
6403
5504
1334
1022
22
4670
9053
2282
9500
5847
10467
5208
10601
1811
4768
7050
9670
7528
10207
6371
4603
5545
10123
8941
268
5975
3514
2165
3512
8508
1638
9915
1691
2973
10938
6761
7643
396
9043
9870
6243
12236
2757
4523
6773
251
4299
4122
505
7233
3219
5108
5504
1022
6776
10819
12044
10290
663
3236
11524
7349
830
895
3048
4494
7656
3417
9937
9425
966
3859
9340
8770
1108
3793
1747
5408
641
2253
5367
8908
87
10871
9930
6863
9370
9653
9879
10033
5615
9083
10108
6446
2704
835
3666
3086
4253
1283
190
10266
10189
9530
11763
11298
6049
1189
9432
6691
8489
2478
3278
1303
6075
5934
8166
3124
8313
5725
5884
1608
7534
3671
780
10238
9554
9493
1003
1486
3502
1193
4478
1371
3449
3920
5395
9499
10157
7553
8916
11372
10031
4920
354
8832
3580
8521
11957
11893
6972
10567
6227
2185
6964
12054
5149
4197
9227
6152
10730
408
71
2888
6826
8567
11855
12221
5745
9691
7453
7387
1469
10210
12307
1823
6722
3566
10344
11405
8186
10042
9651
2092
4953
4294
6873
10102
1218
3779
8980
11948
9234
1777
7562
3740
10345
12144
3640
8816
2240
3820
3883
3709
1709
8916
5533
1157
5209
8603
241
6121
11372
2618
939
4004
11960
7812
6833
5904
11591
8539
10578
8505
3043
10867
4971
1067
10690
1337
2609
609
5157
11539
4319
11914
861
2578
750
6070
11181
6039
4917
10232
1383
5856
6963
6069
1348
1475
11973
5665
2740
10231
1849
5783
8777
11867
11897
7146
884
7233
481
6041
6451
9847
5634
7312
104
11432
6108
4012
10197
11025
6970
11580
9608
1612
5329
10956
8134
10028
4300
3601
7938
11197
9384
9441
10743
1687
9313
4353
8920
9795
10395
8097
47
8755
3089
152
592
1923
9211
10789
5675
3860
2775
2962
10520
830
1597
11380
10858
10944
2660
6476
9820
4771
8643
969
11505
5636
5322
8104
3110
8443
8927
8204
4878
12016
8356
10517
6666
10293
8986
20
6880
4487
8029
10126
5317
2352
9185
3854
975
4572
3056
3522
2069
11700
4491
6300
5015
2539
7130
851
10983
3736
9055
8587
8479
10138
11830
2824
836
8495
7891
7716
5708
8646
5521
11025
10998
7433
2559
11973
4731
10662
8221
11847
2767
391
10873
508
7978
5682
6406
11687
9418
8188
679
5576
6005
188
1126
11888
1410
1743
7284
7118
10389
5531
5823
9066
5690
1108
1445
3147
4496
9666
7720
7264
2784
6272
7772
10762
11954
1858
2854
1778
10046
3533
80
8777
3721
6254
8344
10178
7997
8354
4976
11113
6612
3525
7858
5028
4633
2029
8176
1855
11696
8622
9119
7206
2574
9618
10694
7254
11476
1227
9032
1927
9807
1839
3430
1207
8093
11774
4112
3769
534
9088
2561
7146
292
3146
12174
9972
10222
755
11827
2323
9378
1352
9529
4678
10970
7902
11932
10125
1855
1370
4778
11662
3209
8208
5596
11302
387
9708
7797
921
6475
10359
793
11814
6231
5694
2191
9179
11496
1697
11503
8553
3049
8711
5957
1698
9340
5569
4549
11195
6939
9327
3263
10148
5214
8859
9129
5602
11293
9652
11570
10494
7690
43
9987
6647
10784
4904
3506
9959
6601
7735
11239
2377
4125
4875
9122
6191
10444
6398
10113
10109
3404
1055
7936
1345
2640
9791
11994
6659
7123
3969
4832
7539
9059
7545
6913
7522
128
3145
5161
11776
10880
4079
1832
7731
1680
3681
1602
12125
10079
11715
9913
6209
5496
10576
280
862
772
5000
7521
621
8970
32
887
5708
7577
526
910
431
3671
11118
12207
7277
7923
6766
2687
9603
10447
4289
9407
931
8730
12047
7140
6952
3028
147
7814
8847
5147
3014
2195
1796
8093
3082
7505
3349
3608
1141
8827
5
12259
8714
7282
7861
8206
2695
5143
11379
12032
7277
12310
8441
12050
12176
8120
2757
2
3613
4330
5150
11675
6525
11993
7447
2333
12224
3523
10988
1044
29
10993
6029
1469
11001
1569
9675
1376
11760
8733
1087
11763
1448
2254
11492
1304
10374
6975
6353
6714
4031
4229
6068
10557
3902
1194
569
3805
9764
11558
9897
9794
2956
3605
3989
1637
5175
1344
8060
9661
2803
1873
9103
4252
4127
1000
5556
7228
701
4635
1621
4732
8865
415
2968
5493
1609
8585
9298
4100
548
6874
1573
3504
10480
5562
10188
8381
11953
5927
10768
2436
526
7550
6688
4654
1276
4970
11882
1977
9605
6229
6709
11196
6644
2404
4368
979
10989
6393
5079
11537
5993
6652
7767
4152
4941
10682
5259
9620
4288
3706
12056
9862
3982
11470
2195
5258
4119
6803
12282
6451
711
6671
10373
81
1801
2421
1060
5516
1540
6140
9779
7533
5518
5225
4412
3185
3586
9671
485
601
6104
5267
10463
10086
4417
5384
8071
1262
12187
8032
439
5624
7429
10813
5705
1956
5960
11812
7472
7500
10678
4930
2712
3876
10156
7124
12108
6468
9522
272
12116
3305
10587
10258
6117
2683
8368
6914
3945
8234
7673
9432
6584
7828
7924
5015
9785
6610
4507
4936
1789
2864
9867
9548
11787
428
9399
4301
11943
6600
9620
11739
2631
7886
2402
1474
10569
10771
1115
7241
11731
8788
4352
5995
4295
5002
11010
6806
11612
8243
11743
6127
3834
2015
3354
8347
7490
5479
327
12159
12079
9948
4303
7436
5513
6706
1637
8809
5156
2752
3729
9613
4266
807
3287
8561
10856
7024
8094
2873
7993
242
1726
4553
7304
10127
580
2473
3286
907
7358
8091
3581
11662
3207
9095
6047
9891
10630
3929
322
7085
1221
4588
7892
9556
5875
11474
9306
1648
7073
10025
6937
8799
2258
1920
6605
2838
9440
9891
8792
4478
10709
53
3819
6642
1874
2592
4212
183
11568
9581
7268
5515
1848
7886
2750
449
12086
4782
7145
6838
2487
1761
3316
4745
3682
2647
309
801
218
1827
5279
3653
1880
1824
10295
8801
9463
2186
8984
8710
11767
8978
1905
6341
4543
9702
6790
4308
2164
6661
11146
9698
8423
7188
7169
12105
9836
204
5632
2780
2031
3638
6433
8959
5462
4407
5439
7652
11640
7150
4041
3812
3807
10993
10153
1077
8375
9669
5385
3265
4010
9258
642
5159
9172
537
4943
6687
741
3301
2193
2772
6939
8626
11731
5128
5759
9897
459
10125
4726
9547
1616
8533
8220
4495
9610
4274
6891
7722
7539
3627
9706
907
8786
6557
1444
6455
5971
7232
9756
8164
2730
9422
9517
7188
2229
8002
4764
7735
5807
9490
4961
149
10749
5907
9692
765
10181
4262
1213
10446
7889
10919
4079
9401
5155
10570
3535
3852
5481
970
12017
8212
10392
1939
8126
5347
9941
569
5808
8474
2785
10770
1350
6260
4356
3768
7025
7264
8030
964
10436
8645
11883
2195
5725
9765
444
9260
1296
10973
2956
6039
11911
6075
7978
7716
4148
10646
8285
9957
11846
3796
1132
5922
10056
10535
9690
9808
5478
5399
10772
3594
6770
10335
10836
174
505
4006
2160
1801
2658
10164
567
7295
3918
8545
2690
8066
11917
3701
10749
4169
7497
11881
10091
10280
10096
7461
7767
8300
5586
11265
4620
36
2005
3135
5257
2510
7142
144
9359
2526
10308
9926
9822
6952
11197
5238
2697
3520
8940
6173
7689
9163
5733
5459
7122
8555
5646
7615
4535
11233
11607
9155
3995
1291
12291
1978
3802
12159
2122
5887
2364
109
8539
4912
7061
141
10151
2485
3661
11817
8658
11350
8659
7117
9536
8508
3352
2861
8849
613
6820
8135
9768
3541
9427
2464
5520
5955
7349
7642
11842
2440
478
786
7352
265
927
10229
7797
4589
9725
9181
8665
11111
3978
10927
7298
56
6515
3826
669
1014
11962
3163
4556
1794
10675
2802
7749
5703
3170
12317
8143
3648
782
3175
3914
6756
6130
4437
4071
3535
1298
416
2325
10323
4069
2349
10379
10584
11222
3774
4325
3589
11984
1607
5383
10338
4409
5858
3721
7579
10901
11864
3954
4409
7765
594
11166
1575
5031
2916
10157
6329
8379
5208
9378
128
283
162
3438
11505
3936
7763
7821
8647
2096
5930
6664
6505
11789
3111
6811
3095
2655
10765
7505
3146
4085
6350
9768
9116
1992
330
8172
10372
5538
5229
3226
5821
5392
6664
10053
2054
7154
5553
3427
9250
11483
10092
8482
3677
882
2972
6773
8584
6463
7004
4457
10548
6080
1904
69
8072
2235
967
11170
499
11244
7122
11368
9362
1466
1826
4142
8620
7379
7570
10596
11588
5341
6757
7992
11270
2455
7491
260
8918
2174
4717
12192
980
11668
4988
1778
6629
11002
628
12176
9925
476
11223
6966
1942
728
11109
3288
833
6358
6611
5147
4425
1047
5865
8421
3503
1035
8681
5147
8256
6124
10066
1962
5472
7780
3741
4827
6461
9416
4682
4066
9892
8631
3758
4561
2085
2546
575
7965
1630
7186
792
11102
960
11704
7203
4463
5466
8610
2336
1401
2414
5128
8411
612
587
12152
5439
7049
9247
2848
3841
6818
11479
7599
4105
1244
2872
4681
9209
9549
4593
2727
8331
5553
2111
8260
2742
303
4549
5079
6751
6963
2933
2841
7575
3521
2672
5741
3296
11919
8589
7137
11464
7747
2415
8295
1717
10334
655
3653
7563
5249
11427
3573
10802
6264
4559
6271
6567
9108
11350
998
3751
7009
3839
4052
10530
6512
9793
1505
11157
6061
1368
3026
6535
8831
11322
8252
6844
4703
4631
7133
2678
3738
3432
6207
10002
7991
157
4249
4779
4233
5247
1256
11242
9086
5308
9452
8324
7828
3683
7161
1568
5052
2913
8103
6609
1914
9082
1132
11665
1392
8266
2022
5130
11698
8229
7859
95
1112
12108
4874
5345
5034
11177
4267
6846
4164
1398
2850
4718
10128
2737
6287
7906
5650
7116
2194
291
8924
8374
4682
3043
9366
11751
899
1469
7660
8758
1564
8772
8545
11485
6844
6305
10341
11111
831
7232
5235
8728
11950
3042
4191
10963
3675
2567
10806
10916
7905
7409
12016
266
10452
1787
12018
11352
3257
83
7789
9868
1581
9061
1759
8425
3045
4826
7215
8923
12058
5176
5330
4414
945
2247
3056
4620
4815
6588
8262
399
1677
7958
5713
4855
9745
10457
8933
5728
10540
4402
8323
4847
6189
10082
952
9234
2587
893
10884
7372
6070
8940
4512
12062
11188
294
4361
3682
6883
302
9128
8560
8260
7567
6141
10732
5703
2754
4139
8969
12203
141
1496
6071
2949
7495
8031
10584
1114
6594
10682
12231
3214
2873
11972
2081
3167
9059
10810
10050
9362
343
11336
10348
7911
10204
1485
6340
637
5625
2989
519
10813
9532
11637
1442
9753
7347
4752
10867
1621
3113
3504
9882
5986
3155
11963
1879
12215
3178
4656
1982
3521
8718
5056
4158
6601
11589
10499
7238
4893
6214
483
8432
8472
4846
2600
5904
12194
7352
9497
6541
10465
680
9149
9177
8883
1517
11057
1503
4695
3392
3485
942
12110
1267
5101
6391
535
8326
6355
10475
7266
11886
11634
3417
4411
1913
9321
9331
9266
6497
8598
136
7178
5426
9314
3740
6943
8050
5243
11638
11442
1454
5307
3957
7768
3134
10348
1030
4186
9430
4231
11452
8995
3544
2548
6132
5458
11869
3143
7450
11092
11741
7586
10996
9894
9626
7462
4516
5355
5431
8881
9523
11932
1867
1160
106
10048
4234
1136
1913
6390
5367
1044
3064
8912
3592
9197
7096
8187
5066
7272
12005
9533
2537
10681
7106
4890
10869
4349
10245
3980
909
174
3591
7823
6381
3697
5550
3341
9880
7463
9732
7974
1233
5522
4565
4825
7445
4387
5738
190
11659
10469
9724
6922
8829
9556
11812
104
1584
2463
4084
2493
7684
401
3042
1744
9146
8592
10132
11752
8781
7543
7405
10014
745
4696
7565
8190
9083
6029
1107
1147
4178
10831
8070
5733
792
287
5837
2377
2750
2647
9917
10434
8096
639
4904
9968
1957
2716
9399
3465
2985
4484
1158
3730
9180
1450
4647
10990
205
10801
12137
9430
2037
7886
7890
2829
8174
6453
5206
3650
9101
2803
1764
9923
3442
11715
7570
10446
2110
9695
1590
5096
6905
7796
1552
3765
9246
11246
7481
2177
9726
7297
11608
11763
7910
12224
2272
8810
6356
204
139
8183
3007
6950
5785
11496
11392
6081
9622
1181
8503
11212
11324
3087
6687
5603
11899
8659
4528
7059
3563
6981
2036
2850
11470
2672
7800
1421
11482
1835
1626
4347
10019
9680
4024
8530
8856
3095
7338
11204
9323
3520
10095
8327
6607
9509
6656
6186
5847
11184
924
2136
10891
8007
4986
10041
3405
5512
11462
7613
7348
5814
11961
5046
8221
8711
6302
9803
11806
1319
8686
1534
9886
11507
2587
4173
8695
9243
3085
7269
8107
9056
9405
6677
9790
7118
4397
874
309
8586
8488
7657
7126
854
5429
3026
9565
4458
5555
1776
10824
1920
3310
8390
6154
5898
242
2528
7867
8374
2523
8700
5109
11929
3057
2578
11773
180
8500
4808
1492
4667
5192
1345
5521
3347
9418
7812
7805
2653
2314
6309
9620
5624
2378
3453
4248
7667
5982
4842
3720
1231
1221
8829
839
9325
4134
5338
2232
313
10147
3724
10027
3018
10116
8274
6365
7214
3765
1850
9867
11126
885
7166
4429
8310
10620
1404
3656
9328
11293
102
10559
193
1657
4125
9519
5791
2189
11751
11151
15
8201
8857
3033
5997
4810
2125
890
1301
9022
3483
106
9907
10649
9583
5896
1674
3713
2278
3728
2685
2380
7014
7925
4037
11139
5123
9829
1007
9600
1385
6070
5481
10243
1829
4204
7779
3954
10141
1807
655
1303
6960
10562
4678
9269
9184
11400
5708
11462
2807
8393
1521
9821
9045
5559
1365
6894
8114
7420
4174
2225
1169
2381
5194
2998
6585
653
6953
4405
7507
334
10755
7193
10897
3112
4142
486
2191
9850
11949
10046
10970
6196
7546
7694
4481
1638
2267
5321
9058
11488
7547
10227
1548
420
904
859
6120
583
10311
6353
918
8745
1226
4541
4584
10415
5027
6775
7944
9702
4500
11640
8625
4773
7013
5832
6411
2007
11154
3148
6221
11427
6101
7770
4573
12052
1355
10694
315
11667
9773
6280
817
10999
10821
5401
9093
8574
4903
9764
11003
2129
9083
33
6902
8823
5865
6039
3556
9745
1913
9777
8851
8014
10273
1104
7746
11629
4524
787
3701
7023
7067
9565
10749
10614
2646
247
11914
275
10011
3322
7451
11821
3355
7080
8323
1947
798
4605
11692
2712
2061
8223
3452
14
2053
11198
4369
6577
4711
8070
1279
4504
5314
12028
7844
686
12276
164
6008
2692
3486
1139
2192
11889
8219
3241
1515
9017
7846
886
4455
2634
1835
7908
7695
3888
11832
12064
10465
9270
539
4471
1453
5853
9225
2024
11587
1906
2188
5274
9646
10721
6413
11838
10289
7358
7806
4530
9102
8378
5417
1236
11012
7252
1870
6386
11141
6429
11176
2011
8425
11715
11529
9878
10295
1160
4628
9561
3066
6816
7561
391
10264
6701
4956
958
1738
5488
5489
10840
1545
10906
4803
237
10884
6673
11670
2430
5828
3252
9489
1932
7693
1423
4537
5667
2583
9165
7954
10697
8708
3195
3814
6651
2622
8770
7609
4360
1937
5824
2880
8530
9456
409
1493
8020
7082
5889
3176
590
9141
344
7569
4514
1768
12106
2907
4351
8951
10862
7774
10385
6783
11589
9762
9405
764
10097
6491
7749
3601
2097
3958
736
2506
5451
8756
2315
11340
4659
7952
8161
5003
3200
5401
6771
2986
8308
3849
4663
6849
11623
7774
6358
10891
5215
8489
11656
2991
2660
7084
11639
4757
3768
55
12311
9219
1537
2305
8238
6196
10257
9125
11200
6183
2205
10697
9169
10514
7272
6558
10089
6575
7058
4127
10192
12273
295
2253
7991
8002
2063
7309
5486
5831
90
5476
2729
1628
507
3694
550
10764
498
11750
4626
7751
2853
6522
10991
10125
5806
8759
9426
544
5612
7298
5543
10955
2277
1213
6636
4341
1249
4848
10172
1339
10324
5628
8014
10831
9322
8565
2000
9820
720
11674
10297
8620
10922
8967
6425
9454
5406
8577
9998
3744
8601
8268
2378
10879
2207
1741
2899
3456
6589
750
9843
9640
6378
5536
876
8426
6827
2877
10973
7548
7277
8949
8894
5878
5596
2998
3011
11002
4302
5736
7472
582
1683
9851
11461
3890
4318
2039
73
10907
7837
9916
952
6941
8178
1829
3047
7732
9753
1699
2959
4709
10648
11853
3313
3923
7578
6324
7651
4606
4786
7850
5188
6469
5380
4329
3086
2424
11415
3159
6057
6931
5801
7010
1552
6705
8839
9646
2116
6271
11345
10122
3706
2398
2381
7019
11369
2685
1022
6699
7291
5809
2228
158
5004
334
4487
816
7805
3582
9022
1542
3239
7549
8552
9838
1934
10117
7163
4050
4067
6187
6899
499
1312
9280
7518
360
11965
8540
12106
6935
7075
7061
7093
4806
7395
4307
10669
2880
615
7371
9469
3854
2599
5700
6419
4533
3496
1261
1310
289
175
8209
788
1487
10215
1032
1847
9859
9572
1632
9520
9374
8693
9339
6906
8815
1325
5254
4421
6987
304
1569
3568
7951
12316
9987
5210
8538
11248
6520
1553
4149
7455
7388
5636
10396
8420
209
7934
10718
6889
5133
497
3261
7199
7403
4802
1250
5384
1949
8238
5688
8565
4532
6365
8560
2198
11576
4777
6172
10822
11377
10322
5957
6444
8684
4032
7590
1620
4693
5988
8509
2552
6485
4496
9751
6615
9299
3728
11999
3974
11966
10413
219
4177
4458
8779
11422
3713
6283
10320
2214
10386
1047
897
9557
9732
9977
4826
11352
7396
10814
266
2674
10026
4762
5152
9367
6787
8880
9045
10762
8525
7137
3707
5428
4321
165
9576
760
11495
7575
8022
9561
8623
1645
6797
11081
4348
4349
2838
11744
7890
3104
7145
5595
592
12297
7688
7380
8856
4412
10868
10107
4275
2254
8261
1323
7466
5516
2083
6641
5817
10105
8928
2119
11751
8451
5926
3778
479
8764
8249
8369
4594
3073
6690
5187
3049
7104
5293
4631
11516
8887
7464
8518
11141
3404
9841
11333
1646
11924
10700
7463
2435
7307
2309
1865
8484
8235
10690
1690
9726
6618
2785
7046
2417
2202
12233
10513
9306
10252
2823
1228
6818
3013
9746
10685
6417
12313
9698
789
4642
8077
8253
7077
8111
3288
1668
9321
11523
38
11011
1654
11703
1476
8701
1800
3678
1339
12313
5710
11592
7863
6938
11136
10876
9410
2227
4973
9402
11925
5762
1724
407
6741
1527
1244
10029
3196
10566
1958
3234
9256
3612
7663
3458
5039
9463
12183
6379
9456
5573
10697
4998
5237
2238
3553
2327
4465
1252
4455
4069
12062
11226
9524
11529
433
10768
1964
3629
9013
3922
11910
10996
260
7252
2133
10347
9442
1996
4405
6577
7569
2781
4301
485
10066
580
7859
2211
6880
12315
11327
11668
11220
8530
10876
11653
12025
519
8008
8717
9488
323
7392
2475
7576
2252
501
4697
4248
9953
4000
4543
5460
1027
10075
3205
1607
5614
5416
8487
10655
4423
560
9554
5679
11437
1613
5383
4682
9621
6827
6897
9945
6945
2098
10247
9197
2599
7670
6171
231
4396
10714
10738
5423
8469
1622
7030
6809
7039
8244
5143
4188
8804
7423
9867
646
9036
2930
10376
11384
9757
4952
9008
9428
12097
11981
6305
7422
56
155
379
4452
3596
11117
9875
4791
418
4584
11600
183
5554
9469
4371
7085
4571
1918
457
1287
9895
10833
350
57
8511
2084
9485
8287
6791
8516
3388
6847
8672
3767
11299
12268
2563
8853
9785
8029
6163
9064
8212
4444
11259
263
11529
3509
2181
11986
9843
4802
3225
2919
4859
11736
10050
2023
429
4520
3266
3817
4093
11938
311
8118
4611
7921
9697
2075
3629
8587
3865
11842
710
2803
4831
4965
6312
12059
9677
8882
4540
581
11801
2125
5044
9531
9195
5473
6777
140
2016
3597
12078
7374
11715
9415
2975
1818
4216
11651
10405
8081
3898
11115
3610
8729
8806
2649
8467
11209
11531
5733
4517
3737
7858
9561
5994
4733
7760
5498
4873
2502
9095
9678
9877
1215
6772
5578
3033
3715
4908
1117
11796
8807
4958
8133
5215
1443
10782
6409
5379
9992
4868
9896
6455
406
7136
129
10186
7622
5627
2738
10124
2401
95
406
3616
11915
5984
11697
3309
10893
493
7831
105
5452
3643
10367
11942
7151
4455
5000
9869
2050
7622
4004
2456
2437
4133
321
2785
2486
8106
589
4887
928
995
1229
522
12027
605
8878
10599
6146
4388
10704
4324
758
8750
3945
7909
5932
1672
5458
7982
2020
9462
3164
9505
6321
3485
12290
8807
4317
5605
6420
5245
11648
375
5767
11354
6028
2324
9632
4900
11760
741
9224
5244
2217
5895
832
8149
293
11337
8857
2314
1204
12021
11819
251
8232
11788
1784
229
5073
8204
5474
4400
1306
11242
3433
60
6292
5791
4960
10778
11579
1863
3701
1475
484
9581
9625
778
1323
6161
3092
2528
10909
2590
2779
6820
7104
4564
7049
12177
5494
203
9303
11847
4171
5462
11907
3189
11253
9593
1647
10511
4182
10395
4713
4667
381
2017
5445
1705
904
1263
4233
4539
3853
12059
11360
10957
9349
11135
3540
7570
4064
5569
7096
8235
11032
11730
4151
2690
1728
10845
5928
5911
8919
10641
10578
9301
5384
8749
3732
11335
10012
7965
3554
6591
7703
2593
10274
9779
1407
6540
5028
10519
12110
12124
6433
10821
4259
3310
1190
5988
1834
12165
11899
3480
10485
2882
5507
3548
4357
9239
2563
7095
4883
6117
1365
5312
1436
4365
7817
7890
10906
524
6088
10695
5375
5248
9195
9634
8558
3111
3301
3119
2956
7926
6599
1120
3534
12106
9716
7891
9024
5005
2665
6633
3848
9077
4671
5284
1122
168
5900
4754
692
11989
3128
6067
9963
5049
8428
11247
886
11729
2045
3842
61
8644
10010
3595
8429
131
11487
10179
5136
6878
9538
8984
8682
1889
6994
9804
7104
573
7284
7796
5288
10412
6590
7977
8187
2697
6904
9073
7152
8949
595
7213
5273
3331
10809
6428
3462
2701
9334
1324
9579
6551
10308
5940
1166
10028
8470
8270
3327
3433
8793
1342
6571
3062
9319
2437
10806
3902
4237
5637
5578
9879
5577
10851
889
9112
10005
9398
11813
7018
10722
1797
6296
1435
464
7462
11463
8934
8459
7516
5094
4931
8858
4391
719
5857
11876
4251
2485
3792
2614
8063
1350
8191
11640
7286
4982
2051
4363
9521
1795
2764
11319
8091
9246
11783
8280
1114
1122
9465
8630
11263
2075
10215
8381
7841
8798
7936
4818
11283
4454
7432
12073
5804
8350
4118
5816
6058
6169
10179
3259
7965
5669
7304
8782
2594
6766
9788
8755
614
6932
5064
4604
1733
2958
664
2300
11756
8600
7118
3445
733
2230
8244
11584
3306
41
10126
9364
6211
7984
302
6902
6379
332
8410
1699
12145
5878
10454
439
5536
8244
5043
12317
11203
10754
2296
3364
7033
9415
11856
492
4371
7779
4802
7677
7821
2607
9767
6758
10591
2796
6386
9696
3128
2475
11395
2953
1079
9528
8439
11663
10498
6208
11659
2106
4641
1634
5471
11674
3775
10053
4892
8146
5512
9694
8549
6059
12301
5996
5543
3297
8792
11929
672
11920
7130
4793
7599
936
7047
3717
278
5224
9925
11937
7331
7292
1250
5528
11692
5026
3260
4263
5898
1498
6683
2127
7557
6663
8123
779
2686
9641
5434
8405
1966
244
5924
9566
6227
650
962
6505
5875
3614
6121
5932
10906
97
11460
3004
5123
2399
7267
3748
3898
1630
5875
4181
1019
6724
10008
8753
4044
3121
4837
6010
8412
3488
8302
2318
4138
9265
8823
2739
5605
7670
8671
9237
7768
7810
12241
5617
2936
12235
9365
11881
1544
2919
3741
7610
2369
6475
4042
6413
9597
1606
5150
10735
5094
1131
733
1958
3122
2282
4698
1453
2679
1048
3417
10447
1585
3337
3743
9568
8298
788
9128
9842
8754
5595
10179
3850
12071
6947
2989
9347
8553
8139
487
6373
1997
6267
8332
10166
8550
709
11620
11229
6804
2716
2081
8389
11100
10871
10683
7078
4385
7490
9646
819
765
230
4669
5562
7178
7658
7635
8457
8524
8122
2510
3247
2069
10842
1092
3345
4277
5438
7300
11081
880
9381
12197
4707
7931
10559
4511
12317
10776
6883
5862
4267
7114
3257
9829
7018
3641
5143
3154
4891
5991
5664
8138
8060
4185
1957
4131
1188
121
11431
12270
1002
1217
4872
5709
1875
8157
2946
1871
6612
9829
459
10879
9669
8763
1113
4366
5130
11303
7521
10022
4974
864
10886
713
10097
5569
9892
4011
5691
9002
3960
6693
10220
1558
5128
12095
9716
800
6692
9054
10629
12198
339
704
1366
1452
5070
6496
435
270
9244
5409
6182
7810
11169
9005
1058
1466
695
6749
10469
9703
6168
1094
11261
4022
5915
1382
4822
5333
3163
8178
5210
3502
8882
6576
10001
1631
5798
3162
6949
2722
1297
810
10532
146
2541
4316
6659
3236
3792
4807
5665
2686
10948
4606
6709
4542
11035
4257
2601
6924
114
7811
10426
8996
7113
833
3354
591
3995
10303
8360
5293
3839
11618
10486
6380
3613
4824
2342
131
2358
8008
2818
985
5340
2253
10575
9101
6510
855
3705
11672
1393
6857
1073
1232
7690
4427
6870
4412
7456
2909
9705
11295
2206
7870
10401
10867
5420
5470
3724
7778
6204
6542
8764
11544
1521
12065
1050
758
599
4755
109
7039
4339
1182
8272
12029
10657
2821
4120
5792
10778
6551
9814
663
7147
620
4256
247
6090
7981
8025
12294
7249
9515
4243
1497
1985
5294
2255
7632
2775
7411
2350
7114
1319
3348
11870
11976
11217
8716
10495
9674
2947
7988
3063
10094
1334
7320
3067
7425
8027
3819
124
8002
6060
9415
9499
8046
7435
11754
3357
10210
11891
10754
10051
890
1782
9600
5592
678
5995
3766
3078
8942
4480
6141
11763
5815
6187
7556
5966
6940
11375
6090
2622
5115
8231
12121
5887
3345
4281
1970
6282
3851
403
4012
9788
7232
1291
3060
636
7286
6826
3714
8955
4033
2582
1123
9848
1495
8679
3493
8436
7734
2309
11058
5575
10541
10858
11462
6612
2818
6158
573
11717
11608
4585
9184
6520
5876
12244
12203
5889
11797
8644
2523
8556
11226
3646
6083
400
4
9576
8836
464
4611
299
6039
2831
11158
10227
9444
6702
4064
10017
6098
8399
7329
8009
2598
884
658
7527
6773
5181
3850
2022
1416
7802
5668
7499
929
10720
9801
2491
11184
2092
2791
9950
9970
6675
582
12140
1056
4647
2563
12202
5772
9892
7890
8370
3502
1274
8623
10276
6456
5200
5024
7872
5728
3419
8098
6657
1818
5578
1875
5728
396
9713
8404
3093
4067
8987
2912
10170
6360
5475
2777
12132
3046
3393
907
6549
4668
9530
9551
11124
7456
7301
11722
864
10720
7499
7521
217
5804
2122
10993
11247
11835
7076
2019
8628
8789
4932
6478
2828
3133
1981
2639
11227
5375
8593
5455
10043
5803
7732
8846
938
2712
973
6849
1112
8473
2050
6376
1956
9219
10095
882
8734
9898
7949
5041
6366
560
4245
9195
3693
6227
4560
2599
11602
833
780
2050
11683
1238
10896
300
8998
4595
7150
2836
747
1926
1938
7750
11145
12034
1359
284
9611
9308
10373
3656
9868
2297
5577
6287
1250
10138
1613
5578
10971
7440
7628
10333
8679
11250
3359
10403
3525
3235
918
4272
10208
2856
12023
1759
2569
6108
7090
4906
3095
5142
1289
5689
166
6866
11976
1416
9730
6315
6995
1106
1435
2302
4165
2840
1232
251
922
4757
8533
1840
1755
6421
9743
6504
906
12313
291
7996
9945
3386
5865
11234
9075
6031
10827
1457
173
8236
498
7168
9343
1933
2197
1187
9820
8476
6485
3468
5959
2698
5308
7714
9119
2731
1898
2751
7770
2189
3473
10441
10623
9338
9355
103
3048
7861
6607
3222
8823
7106
3116
10892
1765
10360
12080
11586
6515
6244
2733
153
1668
768
594
3513
8546
2492
6264
9042
9728
9738
7162
756
11802
4196
860
2530
4783
7467
10799
6333
2252
6641
4904
9065
4681
9710
8330
3922
8681
3789
4076
10349
9604
4670
1542
5829
12209
7806
2550
2342
10270
2439
8146
9752
11682
9006
5008
4145
9199
8533
10478
4178
2853
8108
922
7534
5498
1978
11457
1858
10814
8259
12207
8098
5655
6475
6653
10590
7008
9204
5658
4957
4369
1483
7435
3730
3215
122
7875
5141
8655
11079
9319
4235
11914
2967
4495
5091
9992
8678
6949
8485
4616
11882
9309
2997
11084
3642
6313
5771
5572
11972
3454
9941
6181
10890
1350
2123
3738
1952
7264
5120
710
9309
9355
303
5002
1529
10441
2673
2934
10116
3884
276
2404
873
3274
1167
4515
2313
6938
10087
7011
10392
433
872
8961
1783
8042
5426
3735
2985
10546
9493
5020
306
2522
10022
1835
643
5421
9816
10759
9305
10093
842
10178
1046
7056
7419
8406
1673
10232
3097
12066
10665
3969
1432
128
12011
11905
8910
7722
10130
6082
421
10436
8605
3169
4998
1974
8590
2493
412
5574
265
6302
8479
6358
1037
8624
2444
7758
6536
10588
229
9927
2236
6708
2781
6973
6293
11692
7421
4102
10500
568
7265
11831
3737
4989
1484
5053
7482
6944
3353
474
5972
11832
11879
7009
862
7049
7493
124
5316
7722
10051
278
2110
512
7251
8403
4930
2351
5231
8156
7966
175
7667
11703
5164
9151
4435
5373
8821
7789
5847
2472
26
10452
2208
888
5181
9701
1012
3223
5103
3790
3502
12260
9349
3479
8342
1958
5831
6299
2840
6523
6475
10507
5906
4365
64
3067
9738
8885
10856
8311
11358
3609
11490
6292
4497
4350
3672
10557
299
1501
2026
3801
1440
4101
7281
2508
11106
5838
8808
1625
40
2962
12133
5946
53
12197
1740
9792
1487
5322
10829
524
8931
9998
6816
6155
7074
3215
9438
7374
4716
4190
3901
11204
8291
11182
1391
7076
4699
10199
8701
9787
5887
1239
8459
5941
1115
10199
8459
7650
3201
12014
8174
12132
9692
7717
11013
9492
3658
8130
9592
8374
12320
1173
7257
8290
34
1375
8092
9781
11574
4473
7247
10188
5712
8432
3808
11875
6311
4993
7204
9512
4686
8104
2049
7104
8547
5789
4276
12205
1598
6594
985
1598
493
968
2614
5575
2343
10707
3035
6644
7906
3008
4511
6344
11440
1045
10945
10477
6038
10875
7668
10724
11706
2444
10555
658
8233
7557
543
2557
1830
6575
9202
2324
269
11817
7899
7660
2929
3660
1983
3561
11715
11541
2631
10834
265
1256
8991
11350
4857
9385
2479
4242
4555
713
4901
5514
8270
10491
8072
10101
9792
4953
5151
10061
9496
5776
5400
5151
9436
109
8712
8830
11650
11344
69
4641
5326
1786
3670
10183
11172
6150
7152
8453
6863
4779
1647
2813
2949
2445
5640
420
7398
3517
3207
9621
9293
8608
2451
6408
1443
3890
7964
773
7960
8033
5414
965
9820
1811
3874
1397
7961
11026
9850
2503
3484
4223
10363
11480
11715
8729
4626
11840
12246
7834
9140
9218
9168
4317
8352
10611
8207
3995
4110
3846
12029
9525
4811
2254
11336
1412
3651
12023
117
6227
7252
8649
3177
5295
7808
2571
6750
114
2090
11723
674
3956
1346
9842
8274
9699
8132
4160
6420
4969
8007
11175
2173
5544
1108
6235
6956
9806
5937
12121
8760
868
8449
11937
11210
3936
7234
10687
9097
9325
10089
9771
960
4161
18
9234
1539
877
6121
686
5846
1807
11861
745
77
5696
6980
7034
8228
5643
6834
4667
11558
8009
4283
3174
4671
11518
1540
1448
1248
4355
3945
7255
8516
3964
9216
2782
4841
3016
3468
3413
9870
8055
4158
9947
6477
11138
9707
2385
9507
9267
12099
8744
4955
9109
11918
9627
1032
1137
3801
2280
10539
7746
2261
6735
4436
11477
9517
2003
7219
5711
5416
4768
6492
9574
7442
649
1117
9875
8081
10624
6822
7859
12095
4503
9694
11692
1809
10726
5556
10657
5732
3774
11130
7994
10509
3245
12197
431
10296
12143
6142
8438
9637
314
10739
4758
6010
11856
2313
6817
2886
1861
2355
2660
6364
4776
2031
900
3181
313
11557
1640
4088
10366
2360
7323
6338
7283
7755
4313
7105
6623
430
4422
11984
11169
9180
10720
3431
4219
5216
11364
11127
298
1703
5171
5074
8781
6071
981
9095
10354
2621
5909
8400
4981
911
7464
12265
1392
11777
12096
742
4933
4197
405
8829
6104
3852
12260
3049
9068
11303
1856
9366
5732
12074
7166
2192
10871
8148
4013
8904
3495
9922
10030
1203
10834
5173
1147
4952
9676
5969
5694
2289
10167
6100
3844
3950
2678
3783
6999
11746
7812
8855
1518
6270
8608
8684
1188
7158
9558
5202
8789
733
7850
6498
1936
11410
4398
8130
4042
1753
1778
9736
9089
11945
8562
612
3574
11240
9442
3300
3392
4933
4881
4910
3929
1169
6320
5118
1053
3558
3046
2568
4291
10896
1793
11274
9986
6191
7083
6754
7944
8861
9216
4713
1212
5458
10372
9833
9424
7494
812
495
5153
5694
10452
9083
11910
4452
6927
5689
736
9973
984
5027
1274
2777
9027
11260
8968
3789
10740
9638
5376
7636
7077
6588
773
5129
9148
2923
5349
2686
8466
10502
1106
6597
12311
5742
3775
6917
11432
4511
4569
5142
2264
5844
7919
11291
9830
4566
7806
8250
6930
862
8612
1687
176
2111
11863
9324
5034
4891
4737
1179
3072
5843
503
3063
11586
9325
2706
3423
1516
7276
8565
8827
5846
4163
7798
8402
1455
3283
9378
1111
9192
5669
2798
9369
7780
7387
11419
5541
12278
3835
11767
8077
2405
4996
3866
1670
2001
6572
5093
3517
6574
6384
23
5146
3273
547
1228
9775
8878
3332
10886
5749
9002
6411
7844
9508
1477
6943
7775
6482
3504
12269
2238
5909
4944
11151
305
6945
5402
10445
3188
4703
4508
8259
9849
7781
8806
3803
5235
10410
7136
3801
3839
8864
2938
4409
11098
4415
11352
11600
10897
7583
11548
5861
6218
4171
4691
6524
3843
10094
4648
7031
7523
1883
8016
5051
9664
9549
1581
7626
7638
1443
4153
11477
3033
7091
3566
6857
11506
7644
6136
2809
7953
5363
8670
6898
2261
1041
1101
6104
3861
10796
5861
11384
358
1557
9161
2749
11106
3468
10375
11470
4911
2207
3353
7944
2024
11966
2481
1209
15
1343
9065
7969
11754
5415
2546
1694
6456
8694
524
3043
7169
11432
2106
254
5715
3993
3003
9547
7462
1057
8697
52
8311
12050
723
10335
11695
8251
4270
11710
2320
1015
84
1753
11477
7677
8494
10659
4050
9018
1381
3946
856
8534
4200
6571
5253
7203
3798
394
986
5221
5494
2023
4950
11264
5084
9371
7194
2080
8760
9514
8142
1571
3994
7298
9248
167
10683
978
9186
4790
4924
10042
1003
1850
9339
6257
1779
5863
11698
2765
11084
4871
9835
3713
3814
7645
5810
3734
9725
2250
5975
10594
8868
9969
5571
5795
2862
8981
6773
12048
1450
4423
2495
7501
6273
4561
6484
8052
10424
5861
3543
9188
3459
6104
5627
12320
1428
11438
3734
3880
6414
2435
2153
2961
5130
450
8756
7992
9431
8256
446
10882
5405
7988
11109
4405
228
5272
5183
10653
11133
8727
246
2271
7557
5873
2271
8986
10037
11052
5592
4130
6213
7745
7091
11343
921
8574
12061
10353
9556
186
1640
2640
901
428
7045
1129
5700
12229
4508
9559
1361
9801
4557
8918
8401
6828
10630
6117
10606
8948
10248
4498
4372
10065
8567
5294
11365
8307
8373
8600
1220
10013
11241
2121
3167
11012
8297
1593
10920
5532
11152
5007
3012
3388
1605
11413
2942
4961
10257
1227
1589
910
10772
11008
3701
12065
9028
2746
778
5080
11346
1998
7819
2992
9166
10986
1684
10189
258
5330
8447
4137
10338
11460
251
4669
3278
3194
2356
6261
9468
8992
7171
646
7680
10873
390
4387
6345
1168
9468
5370
8213
4966
1089
10105
8679
7820
7974
1663
5876
4100
5800
3893
8286
11099
1288
4291
7019
8692
10552
4166
5363
10450
4812
722
1728
10250
10157
8073
11418
7304
6169
37
4996
7258
10142
1354
7804
10842
8065
1360
7669
6591
10300
8681
5369
4315
651
67
686
3930
9281
6049
7106
1772
11819
8834
4748
9655
4586
8893
4638
10755
8930
2360
10740
6751
8762
6223
10320
4506
309
5668
11097
10610
2028
4146
2604
7727
9260
3290
11657
6220
2065
6442
719
1563
8002
5467
11218
267
2039
8582
3748
10969
10943
2167
10447
110
1117
8446
4616
1426
6840
8439
4762
8868
5311
7366
4274
2251
3382
8657
8471
5448
7825
1916
7011
3506
7384
10956
8820
2149
7217
248
798
10886
7462
3971
3722
8579
5143
8338
2732
11983
4457
7494
1256
2494
2540
10578
4745
10969
6914
5943
4096
7466
7859
3834
10972
7969
7516
7472
10119
7459
446
3643
11072
7908
340
2473
4167
5483
10812
11946
10192
7995
7119
11448
3215
2385
9705
7961
1034
9346
6630
10177
4491
7215
6737
8189
7911
1932
3340
5709
9392
3786
2078
869
11695
2418
3342
8588
627
6880
8213
10819
2554
8058
2672
5770
10444
57
6457
11478
2129
5813
2060
6620
707
8798
2488
1344
3456
10876
7053
5574
7388
1857
6443
11809
9322
9786
8076
9949
4345
9015
1173
11947
4753
3846
10443
7923
8950
9626
12127
11079
3118
1866
10425
8872
3390
592
10217
6847
11468
9996
100
11583
4580
6544
11071
1581
9056
11874
4257
6127
8568
10477
5753
6047
2002
8922
1649
3678
6227
6502
2436
2071
8369
5587
10944
4485
6180
1566
11332
10374
4288
4159
9636
8868
3429
8387
3176
164
666
7433
6291
9234
5589
4771
8008
318
1372
2383
3996
7600
8886
11480
2397
9981
4746
1020
2145
3652
7633
6204
6753
11922
10363
4068
1195
1471
5181
4371
6682
5847
11804
5699
7808
10120
10470
3495
10438
4569
10925
7160
12169
216
11366
2245
10197
8839
8313
5069
5217
8672
11273
11970
999
9315
8765
2195
3512
1625
6566
2920
199
11097
8619
8007
8896
11816
4228
12060
4064
7879
11946
8959
8096
3718
3930
5972
5283
4969
11041
10500
1321
9993
10150
2320
12034
11641
9562
8272
945
3808
11192
1144
7631
217
1877
4206
12033
11152
8992
8823
6711
1343
5461
2486
5061
9391
8458
10344
7087
12226
1250
8408
2624
4126
3454
7385
3446
696
3336
9438
9551
7255
10583
4861
198
5186
1793
4957
4018
10785
1459
10729
4854
6920
894
9916
9037
2078
665
3803
1983
6962
4937
4608
11088
8392
11993
7260
9088
8055
4378
11365
8036
7687
3905
8234
5599
5698
870
9617
9209
2329
751
1742
1975
1645
4384
3739
8771
10097
268
3480
4738
5206
8088
8553
6324
486
3492
8138
1268
596
7182
9304
1009
11087
5218
6609
4464
11135
3905
1352
6191
9704
8141
8166
11349
205
11905
525
10302
4900
4006
7766
10106
4820
3998
4109
10354
217
12247
11622
5860
7108
1331
6870
10921
11596
1158
3064
10411
10110
9463
4281
7493
5283
5173
11569
10535
9805
12094
8516
2384
8826
3962
169
1326
686
9325
4406
5950
1977
3707
11811
9085
10085
6360
411
9361
244
3475
7451
3080
5664
4458
10574
3673
9631
2548
1888
12162
7368
3130
2225
3874
12139
7441
10247
505
4445
2332
6455
6422
11086
5945
8233
8850
5031
8644
5890
10322
4845
6067
1082
3235
3251
11656
6909
5609
1883
1523
5450
1977
4653
402
5851
4472
7843
8824
10024
5015
11156
9205
4163
2647
7877
76
11498
587
1446
10114
10910
11339
3861
11992
2253
12159
4053
1888
5447
10983
3411
10898
639
791
11300
11538
10310
11869
8041
739
4563
6877
9944
8727
9524
5500
1529
1427
11135
8022
11542
2450
7040
8129
7168
2020
7967
11221
3908
1094
2609
46
4718
3248
5884
8744
2465
3873
8292
3233
9659
5582
2836
7282
7035
39
5509
8564
6514
4323
9312
10782
11820
4032
6590
6667
11099
7283
10614
7733
1103
902
7779
5821
9197
6389
7291
4389
2988
8310
7622
326
1571
10458
7609
8606
3223
5844
9896
2463
2893
6887
924
2392
3645
7514
1785
2423
2477
78
10157
8627
6027
10662
2128
7950
4731
9419
5065
445
5408
5413
772
12026
3550
1107
1037
11821
6951
10933
1963
9844
10547
7935
4962
1871
3128
6747
9342
10652
6825
12225
12006
5578
10566
1813
1207
8023
3958
11320
8469
2093
4412
1967
6845
689
3074
7883
189
2751
11542
7199
274
9768
7860
5236
4366
3715
4709
6434
7093
11534
6338
6778
9838
9630
8591
3771
5333
5276
2770
6528
95
7183
1221
6940
7872
9342
2502
787
12093
1724
712
5093
4218
8573
3055
8584
12288
7764
2697
7060
12024
1761
6565
9541
11392
2835
991
9451
837
3762
8705
932
3671
9926
7873
11543
6947
3101
5056
6719
4825
10815
4538
1770
7067
7593
10354
12081
3036
5778
11868
2739
265
6112
12280
11657
1673
5997
8787
2511
2485
10218
8490
6156
7823
4042
10425
7496
12191
3160
6941
4695
6702
11479
6465
1448
6751
9546
6256
2513
8050
10850
10299
8315
4641
10258
378
11361
8982
1891
1551
11467
12110
2768
5303
7612
11857
3407
7835
11727
11615
2455
9149
5996
6661
8340
170
1091
10612
11473
8652
6341
10002
6630
7383
2322
9615
7761
1363
6276
9652
7961
10469
2167
3455
3451
2506
2992
11906
10341
2398
3926
475
4273
2648
7136
293
2818
954
10905
7018
2332
4926
4699
8962
5035
12069
6256
5522
6158
5258
2853
6845
3407
5021
10301
11905
7527
972
4216
10594
8417
8142
3795
370
10790
3658
5710
6335
9659
4294
6079
11991
1946
10778
8632
6981
10526
7615
182
4363
5599
8083
3935
1732
5830
1915
1317
6083
7934
10580
4356
9077
6402
8151
2173
9918
4535
7883
8979
1873
12178
2737
1543
1803
6242
2902
8785
4447
3243
1693
1537
1568
2502
10519
3301
8332
113
9665
2094
773
7924
11497
9850
7052
54
12024
4650
4589
7586
6355
11510
7443
1819
732
1973
8061
8681
3484
5234
4650
5177
11818
6219
7680
10016
2246
8738
2855
11911
3559
3628
240
2735
6205
7293
7836
5908
4669
5152
6220
11024
4341
6390
5569
10120
8363
1309
6481
11847
11591
11131
9750
11088
10076
10156
1510
1
6574
4365
11912
2859
720
12153
10641
6925
12172
6157
5559
4520
11309
11779
8270
3329
5848
1519
1128
1890
7875
335
6463
7145
4193
8940
10960
1948
6775
5196
1950
6075
2287
6588
8934
3007
11467
7255
2658
11318
6138
8217
8564
5126
7676
4514
1181
6250
11080
7356
8141
11681
7692
7330
11553
4611
3949
2918
6559
10725
8114
1235
9526
10401
7824
6140
1088
12017
6121
8793
3741
12259
4690
12305
10111
5092
9545
11292
11342
1030
11374
7162
391
11792
7219
11944
4082
11168
2541
10642
2298
10655
4603
11825
1461
5153
10691
7596
4850
9538
4069
8591
9476
8759
1301
12313
1530
10847
4010
551
4603
3063
440
4994
2535
7659
9664
6617
11553
12205
9985
1531
3265
2268
1035
9774
7421
4452
5049
4997
1669
1844
1267
3871
3329
7616
3863
4859
11189
599
10458
3471
3662
3624
8466
11244
4009
5809
10588
3241
10741
8252
9819
6732
3246
3580
9232
3394
8032
1961
8391
9701
3805
2385
6298
12182
10001
2887
4720
8869
3486
7904
19
12196
4254
1211
11119
8263
12068
2112
4231
3214
10365
1729
9946
6337
5310
6858
9731
6068
1545
5802
8496
10397
8187
2473
10258
10914
5361
7705
7462
1573
8335
207
1448
269
1419
5294
1258
1166
7406
10536
4380
10497
12266
7052
4514
10302
6636
6971
4049
907
5499
224
4031
1365
7745
7015
12279
785
2399
146
7405
3461
354
1580
8777
1773
6874
10035
7986
7006
8251
5092
5183
922
4870
2423
3950
4233
2120
725
10187
7620
5997
1897
1711
1421
8913
6717
7253
4038
6863
2337
7499
7217
3917
9002
1716
3517
6717
2428
10524
7694
246
8433
1342
5117
3582
5292
2076
10749
11064
12263
6048
4740
6887
7760
6161
8526
2156
6140
5290
1745
1204
5516
1689
5121
2197
3405
1365
8914
10881
4615
9334
11127
5774
10676
8970
9356
8694
11046
7784
7438
3715
6559
4904
10602
1998
11066
11854
9201
9932
4823
10946
11136
10339
5361
8984
216
8767
10349
1856
53
2643
11191
3906
8417
2272
556
10499
10967
4328
11009
11131
8043
10294
3714
11371
5018
7506
3630
1898
5118
8454
5571
3933
6472
10932
5643
6688
104
3671
8545
5204
11361
141
9111
183
2413
9667
3408
1059
6721
2097
4916
7491
70
8631
11588
10136
3816
2898
12034
1660
11352
10331
10641
5503
1669
3963
4918
1773
7635
6189
12025
11722
6330
8815
11906
1469
11208
2993
7576
5608
10137
171
778
2934
8802
46
749
5345
2944
5509
7005
1975
3520
10372
204
5189
2015
10169
12009
9650
9084
11713
9051
8140
933
1362
9610
12141
4356
4865
5429
2172
5036
6207
5106
6565
11300
5855
11910
1923
11365
11641
8945
7611
9693
1876
5526
4434
4771
10261
1763
1535
2380
3540
9675
3313
9950
12011
3134
1985
4555
1289
9204
2318
222
7037
8883
11523
571
1198
6172
4662
5565
7844
4999
7984
9720
10525
97
7217
8466
6907
1478
10846
3174
3880
6885
803
3570
2745
7835
852
4034
4718
3170
4257
11755
4779
8506
5053
5977
2357
2441
4268
10201
7441
12253
326
5645
29
270
6837
6937
1748
10409
2837
5628
4974
3640
9199
7719
11475
10051
11754
3872
5947
8737
8354
10726
4922
6133
4382
5
8574
8650
2933
3694
1308
8306
2066
1338
8576
8903
1001
10325
6992
3838
8679
4692
204
5557
90
11679
8334
4570
8277
1960
6033
9357
5412
3681
3169
2520
3687
11744
3897
11667
8164
5205
7652
10230
11590
8955
11860
270
12006
11578
9155
8364
3949
9359
6648
9086
1443
7708
6383
9721
2395
95
6757
7807
3777
9927
10328
190
2076
1904
4583
10240
7109
12235
876
6379
1595
415
11696
1280
4719
8531
2371
1394
10616
1745
10480
12060
9453
9589
2186
11848
9685
8943
7335
6188
11596
5342
11425
6398
12293
3687
4318
7081
8648
10241
6186
10244
3382
5562
4250
8101
6819
11668
9495
5114
1092
380
9900
10546
9970
12086
2799
60
1435
10134
11295
710
8202
3125
7109
8174
6812
4153
2935
3139
2073
1847
6109
10502
7409
3086
6282
1907
2433
8503
12069
3526
8883
9648
6798
11579
2140
9597
4365
3575
137
8386
9332
8339
11511
9167
4193
6002
999
12175
1868
8119
1701
7977
6300
1837
3789
5308
8791
6223
1490
8539
2475
3100
10914
9273
2358
733
11596
11771
9355
11733
7836
6366
7752
12074
3213
4671
5755
9259
9572
349
10105
3999
1053
4084
5836
4842
2119
2307
11065
3609
3572
6266
6709
7212
3218
1794
671
7541
1244
10026
6953
1806
4072
7431
1559
11
4828
41
9270
7126
390
7054
11126
6490
3865
4641
11333
5984
11995
2803
2319
3247
9070
9029
3185
5014
3549
3857
234
4793
6609
12235
11646
3407
71
5932
3418
9947
5973
5415
4752
11410
148
3557
5580
9060
925
9639
7770
599
121
10090
8893
9191
11845
12079
1885
3073
8662
7166
592
2950
12127
4964
6358
12199
10896
2502
9825
9595
7917
2256
8685
792
10861
6991
9852
11786
9356
5302
64
9477
8118
1684
11395
368
1442
6006
8488
2830
851
1806
5780
658
6770
4864
5583
5346
7367
8134
2620
2963
10390
4031
3755
1656
3748
6334
1121
783
4362
6233
2987
159
643
7108
5574
7132
793
1741
9962
6691
3547
3421
7349
10317
8286
5658
8389
8379
1471
3736
11342
4588
7767
7824
6244
4242
1837
92
10072
6199
11372
5785
11405
12015
572
4658
6826
1365
6399
4467
8057
2672
614
8132
668
1626
1470
1784
10005
2941
5520
1753
7529
6013
9577
6500
10255
4140
6592
733
10339
5643
6518
2149
5337
12138
6807
4889
6229
5932
9356
7012
1330
9970
2824
1998
11597
9341
8829
2007
5008
2028
3760
5264
8042
1016
11764
11023
5156
11082
11756
8221
4404
11001
10370
2467
10818
9903
82
4726
8561
9438
11739
9891
12134
7289
4616
4136
9356
1124
6144
2043
8200
9904
7307
3921
10921
11797
2623
8803
10558
7106
4704
7688
5786
7800
10155
9330
10430
10237
6782
11717
80
6200
9288
12215
6215
6630
9077
3250
480
2900
10341
8680
484
5327
5327
4131
9851
677
5660
8088
7783
3090
3456
6295
10891
6337
8351
1726
9301
2812
1122
9381
1739
3136
2001
7954
9766
11079
3931
2973
6705
1951
4379
12236
4
9707
4046
9855
10384
9707
10670
10893
5523
1805
9914
4093
868
5944
5819
10169
8756
11989
7230
3221
2804
1957
11176
5297
715
7833
8270
147
2510
328
62
7561
2761
9156
10143
5871
11589
8492
9490
4791
3023
7083
8885
3891
5753
7430
1740
2189
7098
1696
5410
2629
3653
9312
7926
9416
9871
8922
2289
60
9250
2351
7622
4738
11507
5444
10609
10775
1615
505
3246
9685
7588
4857
1255
1021
5013
8042
8257
4838
2464
6393
7467
6118
8432
3072
8260
5982
11994
10549
6043
1649
5626
6391
11434
4813
11835
2449
8314
6176
2954
4286
3540
3268
9143
9842
4289
6883
10611
5272
11721
754
11666
6867
11919
503
2665
584
6485
7385
11133
5254
1760
4439
11645
874
1978
3885
8370
10292
10061
11324
2258
6327
2271
4127
8896
11608
3736
12233
4559
3136
666
8951
2729
5312
9454
10441
5896
8666
5505
9756
1599
12313
1874
924
5913
8899
9856
1962
11917
7597
965
6901
6650
8283
11029
8272
7570
2444
8184
4856
10628
8851
6533
6083
6889
8714
4204
464
5059
2435
10220
11705
2427
4820
5355
1066
1398
2891
3028
995
3214
9040
622
9864
5003
4377
10863
5299
6822
6726
10155
10176
8303
9415
3938
2871
5808
868
3336
3593
3304
6282
8024
10778
11103
1059
11845
5227
3950
2552
11269
12211
11593
11892
2480
9322
3948
1022
2300
3496
475
5182
1351
8778
2276
10337
4376
810
11205
438
9450
7235
6720
5153
5693
10549
6212
5217
3456
2888
495
2404
7825
4814
7022
10306
1815
10971
11328
4116
7193
11803
2024
1271
987
4300
11608
10410
10157
3218
10848
7286
10454
10294
5165
3826
8523
11378
1769
4705
6992
2264
12156
7544
7079
6858
5529
1620
10555
9583
10783
5427
1792
486
6698
2779
9833
11032
5915
7669
1930
4442
7681
5110
7462
526
8936
8711
4630
10705
1095
4348
5695
5978
11892
5500
5562
5100
7121
3796
7410
10630
1949
9202
11117
1374
4707
1355
85
10622
1751
7062
7790
9432
12172
2931
2684
1513
4369
7314
4944
10511
11663
10640
4168
3960
3819
9730
9061
3666
6252
4150
1976
8202
6078
5819
2302
10785
12221
2387
9086
1651
2176
9602
11084
2027
5259
1447
3541
9628
1488
1211
7819
5877
11851
11987
9837
8397
2123
11624
4789
8375
8500
11812
9303
2257
10357
4331
721
10258
6719
2533
11909
1621
4861
3398
8695
10121
9893
4962
7428
11381
6174
7973
4937
5704
7640
7500
6827
2489
6804
11617
3590
2983
11108
5620
5241
1871
9951
11009
12129
9396
6269
11717
11017
11130
2795
7392
8930
5414
33
9085
4474
6207
4737
2137
4638
5103
9637
11465
7592
4120
3487
3909
12151
7322
9529
5071
9193
7159
8806
9001
9282
2754
1123
7978
1564
8965
8096
10494
2058
8130
12305
6532
7063
4722
1395
4427
9825
11033
8619
10144
7879
12106
1732
7709
7107
11261
5506
9026
11146
1992
10753
8107
4746
11877
8812
11357
1247
4587
2257
3306
5443
2241
2564
186
6963
3960
9660
4468
7719
5958
2291
3277
5744
9070
3713
5577
8010
9219
7330
11882
11211
5762
7669
8684
10365
4160
7720
11613
1473
9977
7645
6917
4945
2935
12150
11908
6895
9489
9102
7340
3127
4119
3344
1597
868
12104
12221
1604
9002
7230
1166
619
5719
1561
9303
3763
10768
9749
8102
12241
132
8473
6837
5077
11409
11713
9711
11030
1608
6493
6050
4735
10612
2120
11379
11481
1903
11279
764
10905
11236
6977
4250
9681
8538
6279
1123
6985
3708
1952
11953
8887
10425
11516
6690
9513
10909
4080
949
196
10573
6999
9978
1591
1845
1762
5798
3748
5767
11609
7379
4682
6266
11630
2042
7530
10635
8213
2195
2022
2891
6874
3635
6042
6069
10325
8282
4657
2085
9231
9900
5384
8956
7557
12022
10801
2045
5499
7275
7813
9835
2333
5221
8827
6689
7264
4036
5004
8203
11278
12073
3820
5831
3388
9862
11901
6439
5823
9284
8524
7780
6864
6635
4415
7147
6336
2895
9193
4562
2896
4685
2076
5230
9906
10903
4645
9896
2618
2375
10825
6623
2128
2324
133
10563
4913
4760
4681
3462
6771
5932
11243
1314
246
3337
1187
11629
11280
3106
3870
1855
7791
5946
12132
10424
9575
9504
725
4920
11879
4277
11543
6733
6601
4402
4975
4240
9163
2383
7703
3613
1041
6625
9974
1287
2688
11161
595
1647
6994
9513
8550
7511
3138
8361
5614
393
10591
11387
10360
10150
3343
9582
4562
2670
1663
2264
6911
3552
9694
2293
12212
10735
1644
9865
4748
4332
1432
10390
5980
8426
7582
7256
3616
3447
8343
1957
8887
6614
6070
6926
4443
9413
4187
1731
4809
10897
9042
11720
2129
11462
6739
2020
9876
8383
4612
7350
395
11091
5420
11422
12243
681
6357
8585
9175
2379
10542
5741
1719
4291
346
6162
6430
9580
620
3966
8157
2388
3365
3012
1530
2831
10079
4132
3940
7417
11483
9382
6187
4582
1209
6109
10310
292
2374
7165
2672
5642
5632
4391
2660
11026
3280
1816
8285
8947
5782
9168
11335
1874
4906
5591
9752
2665
9724
1371
2808
8886
3480
8996
6194
4689
7831
9230
4982
2931
9121
380
1300
7480
9818
9007
6185
5824
10823
7196
2450
4285
4044
6512
11206
1676
12103
8637
9388
2232
10008
12197
3844
1167
1598
2764
10904
2155
11995
3565
10134
1521
8992
11434
9001
6489
8120
2865
12314
11669
10062
7490
8680
6832
6728
7565
1234
11558
3881
10623
1469
6616
10499
5314
509
4823
8078
11413
6978
478
7704
4791
2000
4375
8951
11001
3591
9797
6593
8631
9146
4334
8847
10552
3892
3255
5797
5126
2492
2404
3428
9008
9020
6653
7048
2256
11476
2806
1348
11181
8331
1779
3651
10331
11201
5329
1738
2471
2805
8331
3828
4677
5391
355
2909
2009
8657
1432
7135
11149
3836
3290
562
5583
2669
7611
7839
1825
3143
9187
685
11474
3692
9383
2211
2573
2391
3949
10091
10244
5006
1599
7647
3123
7001
10556
5132
3337
11988
12267
2165
8551
8283
7774
1813
10953
3064
9652
457
6207
11565
6189
5361
2937
8298
298
10557
3416
9294
8327
1339
1979
9926
8986
5102
4606
12269
10234
669
4662
2906
7881
892
3916
3335
7752
2548
6399
10130
8052
286
9375
6967
10694
5038
2944
3718
3274
6360
691
11601
425
2670
1933
2138
498
11586
2086
3458
12256
11795
11411
7816
5414
3006
3877
845
10601
10277
10976
6332
3289
756
978
6709
5794
8970
10427
1794
3009
11118
6121
8482
6514
8054
10620
7012
46
5432
3196
5028
4906
7333
5570
10320
10340
9448
3892
8620
130
7594
7679
3419
8350
8657
10128
1823
5306
8234
3617
1042
12078
9738
9524
6271
10519
549
6009
3291
5981
9205
1045
3613
4217
6615
1613
7283
3742
10552
8630
8919
5825
3988
17
1854
5371
2871
8724
3404
11105
5067
4446
10862
7531
6696
9859
10776
12292
3547
1746
5952
5478
2791
9565
9696
2133
3904
9705
10922
7182
6014
7521
686
2728
7538
7587
8100
10410
3990
11504
1920
1783
8676
5509
9315
8098
3047
7770
8069
6595
2243
6747
12073
10081
9038
2174
12214
5669
4606
10816
530
3346
6016
1217
6075
6280
8804
6901
4369
5521
11131
11337
7304
7486
4525
4298
8310
7572
4795
4058
6893
7038
10805
6646
4798
248
1546
4692
5917
6152
8234
6448
9499
1929
7665
3253
8209
9195
10154
5305
2395
1690
9368
9700
9176
1572
1677
5165
1870
6472
1949
8764
6236
5480
8136
11035
5728
9682
8453
11646
3514
4366
10820
692
11342
11211
8992
12277
8085
11872
10308
10481
1241
7355
586
3143
8927
2263
8308
3524
1462
2983
12288
424
8463
8103
11459
6917
10511
317
11289
1704
9730
9788
2396
8751
1404
4114
8708
9490
3665
6695
376
4906
6777
962
8049
8430
8272
9083
11954
2460
12066
4647
2885
934
5476
7070
578
3667
7388
11867
5371
4797
2061
494
6275
3465
4608
7709
5681
8274
7130
6057
5906
1586
12066
6682
10017
744
3444
2376
3204
8237
7024
11136
1897
179
10933
2475
3846
11047
7069
1944
3523
9130
2438
2524
5321
12093
10233
11003
772
5043
9786
6679
6629
9532
6087
9372
3002
9531
11749
11253
10494
6452
10069
71
11678
1407
2546
3204
133
9615
10195
8703
11471
312
11228
4472
5131
9140
3154
5904
6909
619
5309
6265
2877
11396
3316
5879
1332
7791
4812
11827
6969
7607
11898
6327
9014
7170
2257
9147
4465
131
5529
8662
5490
9483
813
10621
11350
9014
9251
5938
9634
2239
12203
5237
6361
8246
3843
7694
3716
1381
7200
10686
8988
11824
9739
10728
6673
4722
280
3864
4853
10856
206
10343
8019
6066
1369
7048
2760
10621
665
5120
5586
5595
10357
4674
1520
6926
47
10283
8307
12294
8648
10021
4523
11113
8428
11196
3514
8708
7787
8367
7244
719
11436
7989
6785
5532
2716
9545
8879
8428
2344
2144
1702
5428
11865
3222
33
11912
1185
8341
4611
2559
6041
9134
6399
7196
736
9913
3583
8523
11007
3553
9242
2848
11542
3706
8380
1937
5978
9985
10366
8322
4856
4794
6476
4400
8017
6510
3992
1928
7577
1329
9534
1297
10464
3612
8493
11200
1205
4803
128
4938
8356
9370
7786
304
5802
8893
7288
11780
6557
10380
508
4139
2854
6984
8540
3597
1173
5258
5525
8750
6587
7785
2774
9777
11398
3993
8656
5329
8796
8784
10267
9879
10880
5732
2909
9409
7351
10197
8868
1588
983
2102
5727
3837
9087
6993
160
2986
12251
10732
4463
11565
6196
12284
9021
5273
3956
10404
10602
5479
11914
8548
3037
3200
7007
10993
288
2037
8869
1882
8672
2578
3985
7126
6415
751
1798
11622
8784
6776
10033
5973
11067
3909
5936
493
1908
9893
10897
5237
3051
3217
6511
11135
6417
6244
9807
11752
8282
11402
1313
9680
1660
5298
4485
801
11096
11331
103
7560
10833
2862
1212
9579
11818
12196
10072
6453
9768
1375
11690
5545
9639
10927
4359
8782
4851
6892
8213
5859
11020
9526
3218
359
7551
430
6208
6326
11761
11358
6612
10273
1899
551
257
1397
426
3055
576
2920
4430
12266
8465
1748
3598
5550
10530
1175
5168
11469
7034
3867
1401
2979
9274
8952
8456
3161
8004
7896
7245
2296
10895
9144
7894
3878
3267
8320
6933
3843
11240
11364
8835
110
5838
5160
5660
9095
6335
10828
8243
6096
7421
2370
9075
4374
11322
5210
261
7006
5832
7506
2028
9453
9377
9922
1010
323
10968
7943
9214
2613
12033
5728
2723
10598
3614
1109
7372
9950
11937
8341
3725
12084
10712
5526
4138
2439
10736
9446
2171
9294
4632
4199
11473
1688
6847
162
7058
5494
831
3951
833
544
2406
3556
11142
6020
4665
11240
8696
9328
12307
100
9092
3424
5626
5956
5864
9088
3081
8035
6061
439
4961
5213
2127
4534
10422
1912
2755
11254
5863
3588
4524
995
7145
8392
12063
4536
37
8438
1544
23
8539
3362
3448
6891
2044
2038
3659
5125
2799
2446
5565
7760
386
418
12295
10808
2330
2729
2467
920
6317
12038
1915
6188
835
6704
10725
872
2822
4995
5943
4087
1083
2117
10978
3127
4155
2316
978
6954
4763
11590
7441
10196
12009
7415
1409
2018
2870
8924
2938
9187
8641
9901
8102
2203
4284
11553
3075
12153
9274
1744
3919
3083
3861
2577
6210
742
9940
12235
7697
2382
11505
7864
5304
3919
2958
6714
5937
5828
3317
1602
7741
4684
4229
8569
6887
8513
7801
2689
8346
9801
4433
4991
563
1021
7568
11820
1763
5188
11735
2186
296
3645
10050
5601
7564
687
12315
1180
11562
8358
7829
12030
721
4784
1004
7609
977
1532
10298
2049
11333
7457
7040
11897
8478
7335
11396
10242
202
3536
107
5545
7181
10158
11146
2424
3571
3866
8652
7860
12224
9207
295
5672
1671
1299
960
7695
7878
3984
2470
6891
4167
2236
11514
325
9571
3315
10567
2499
6852
3400
8045
6759
6284
11917
9184
2582
3463
10562
3168
8413
7448
3463
6811
9119
9809
497
4493
5367
4481
6963
4984
8649
9200
4177
1700
11497
7492
4993
1676
7070
1119
9721
1509
7404
2043
3419
2712
5506
1660
5880
6646
9108
2069
