355
1198
935
1029
1665
2063
1673
1112
554
836
2694
2433
542
2546
1843
1449
1796
1113
1090
1611
738
884
649
2161
2457
1149
2535
179
1834
213
3134
297
2733
2176
1326
1183
1025
2999
2295
2901
621
3096
2120
2485
535
748
2042
2331
3183
3132
2050
707
2123
2699
2868
2687
1955
296
2866
575
1831
892
872
1349
3068
2198
639
2200
89
1042
1887
710
2245
2114
1303
2780
969
130
4
937
1369
2054
2966
277
2860
727
2964
1600
1023
722
282
961
2936
1154
417
896
1459
1056
3097
1549
205
3091
366
558
1990
1669
123
1066
3121
1449
2003
1275
1610
3077
1552
1255
589
2623
963
2934
1452
1245
680
2495
507
1097
177
1966
260
1381
1622
1788
1257
1989
2346
1354
1765
576
2420
1672
2026
2530
2947
421
499
2607
2999
1088
122
2069
807
2897
1421
2809
2177
1928
2013
2354
680
381
520
2302
2169
3099
2398
1300
1238
2271
3198
1765
728
116
2403
1782
538
2902
2496
1644
2098
2619
1820
1012
2301
26
607
1263
1955
2620
1725
742
3001
352
1151
62
237
335
1362
2797
2606
2668
2670
1441
2784
1858
8
1429
2867
2505
3073
1750
16
3000
2763
424
3027
1477
3009
1767
882
1519
2509
1991
1872
1767
2053
216
2102
1523
3013
2815
976
575
2363
1867
540
479
82
193
2984
1262
50
1107
1048
920
1531
860
2397
1325
734
1387
952
1350
163
931
3117
323
1147
112
3168
2267
1034
2251
950
183
904
1490
662
986
1683
1753
355
3056
2860
1403
761
2498
370
3159
1930
2426
2653
2882
561
923
1920
1786
2568
1174
1898
2522
227
2932
1558
1177
1222
569
774
1884
2877
2458
1744
18
406
1389
2743
1167
1994
1221
2433
710
432
3193
1699
2316
901
405
887
255
1579
892
2777
3128
609
2442
2412
3154
1119
3187
3145
781
537
1675
2121
943
1171
2972
217
3166
978
758
1983
2732
736
467
1833
1638
2194
827
0
559
1719
884
1794
436
1433
992
375
2552
2286
305
1441
930
1980
347
1873
3152
1426
197
1210
2404
955
3193
29
3014
1767
3184
2759
747
797
2759
2628
2516
428
2529
2952
3183
1628
1434
2521
699
1740
747
1629
1827
2416
1609
3086
628
3129
1081
1139
2191
2381
2490
1990
934
2460
1534
3003
42
2400
523
2558
2828
3052
403
904
1466
1837
210
272
362
2279
1902
297
1480
1618
168
215
1532
1250
2677
509
1738
1952
606
779
1197
2141
567
1239
1326
1090
1905
2262
2250
2308
1273
501
2252
1483
773
2615
547
782
2912
134
508
3080
1672
2040
2437
1134
656
961
3086
2585
1740
1069
1511
415
415
944
2827
2320
1313
1862
2735
2586
470
1773
2176
1244
2495
830
133
2192
965
641
164
2637
789
709
1878
2767
2992
1749
2137
2839
2818
1755
39
19
807
974
446
227
2836
3182
921
92
1740
3097
2658
1020
2035
898
1319
3000
1540
2805
529
436
1621
2407
3203
1398
2263
233
1023
3189
1988
2384
3208
2795
143
1761
1130
1087
1728
2051
2501
1575
40
51
2595
2075
949
2021
3182
596
1612
1818
1032
18
2332
2343
2739
1381
2576
1869
1355
1349
1038
2670
2252
2504
1216
1489
1698
1052
325
984
2627
365
1035
2008
548
91
2136
515
688
533
2334
1720
1874
2773
2170
1398
939
1531
52
401
988
2412
3071
1347
3023
2395
2836
1506
232
1268
597
2859
2955
1632
2974
288
3046
1896
2126
519
536
2567
346
2410
2125
2517
1915
3065
2155
74
1573
3143
2487
1430
2597
2295
1932
2218
1909
2164
1593
2506
3130
1334
2246
2890
1622
2077
2893
533
703
214
3100
1049
732
118
1673
2647
1290
614
829
2863
1864
101
2400
2569
503
1117
2894
2412
1388
1273
1704
1304
2607
735
2301
2336
919
1979
977
1622
300
2184
778
1032
2302
2452
1787
377
1173
2616
1348
1144
824
533
498
1327
1651
178
525
1146
2773
336
2450
2165
2393
1536
2608
97
300
370
3041
601
662
604
2955
2964
1163
2849
1449
2336
2250
2797
1588
3074
1437
193
2509
1195
371
3034
2342
1251
1477
1577
1523
655
1221
917
2074
1521
2609
7
229
56
611
1292
1128
3097
926
684
325
3177
266
1913
1143
1703
2107
437
2899
585
1578
133
1837
1162
1710
145
1817
2931
2384
1998
2560
1779
2005
896
3157
724
2188
1070
1928
3115
3076
2253
1184
127
952
434
3153
1166
2194
944
1751
1879
1077
1695
3042
894
3163
2966
1933
2332
1750
1278
896
1862
281
2161
693
2470
1338
2621
477
1200
1660
2983
2649
719
1524
694
1885
503
1638
1743
2383
822
1546
2210
1717
1494
1961
435
611
1818
3035
2830
466
101
1776
2481
678
3114
1888
1155
1099
1655
2245
534
2374
555
1228
2366
1058
974
2216
226
1796
1869
543
1620
148
612
162
2082
2430
3197
1697
1003
1406
1580
270
2084
1479
2158
25
686
1920
377
2542
1079
932
1877
1552
1991
2851
1875
324
2755
530
2190
2482
2000
2802
2645
867
2017
734
671
3021
2140
2251
76
2332
1838
341
464
2524
368
841
1851
1447
1774
1835
1106
1872
1472
2981
2196
2334
1618
2493
1601
404
2080
2353
1271
883
1195
1943
2011
1442
2301
194
559
924
1857
2345
1555
2225
3187
1513
1779
3068
134
2885
1725
2928
758
2028
2047
2377
1307
1755
2781
172
2216
2159
2377
196
2209
1173
2960
1296
2689
305
327
1331
2650
1883
341
729
1503
227
582
1637
3112
2307
1350
1978
2443
1504
1140
535
45
2028
2029
368
972
1192
564
1289
472
309
2585
3162
1936
1019
2600
2694
1009
1049
208
2513
1276
791
2257
2496
1205
393
1259
433
4
506
968
1371
2534
1105
1739
1613
404
2303
2902
876
720
379
2145
2656
1399
2853
242
2408
687
451
3028
1963
2564
2071
1244
554
571
2503
2310
575
3009
1385
1947
435
2490
471
2049
2894
882
3058
1878
2924
223
808
472
1622
446
715
2137
1133
2488
1951
1204
1837
2129
2448
498
2700
3059
2808
60
960
979
114
1396
1576
1908
1552
1256
2790
1395
3134
606
1618
2049
1078
1347
603
1793
1592
3058
1066
1650
1047
1010
564
1603
1509
49
2769
2424
109
514
188
1546
17
3087
239
1569
1128
1136
1072
2369
1742
2690
2525
2820
2145
3128
2721
522
2972
1894
2172
2126
2905
2736
1836
1199
892
1390
408
2323
12
1919
654
29
3113
2215
2921
2348
136
778
1502
3200
1575
2134
2806
1827
2048
419
456
3127
2313
735
145
110
256
1982
1309
2470
1479
3040
1579
1491
3066
2233
2843
2964
1234
2549
204
2692
1434
1706
2678
1116
1947
376
2944
780
795
185
2014
1215
921
2160
1326
2499
2249
742
1755
513
1889
1441
2005
3062
459
1633
918
3015
2289
1122
2493
1830
935
63
2946
2883
439
782
448
1234
2290
570
556
1318
837
1882
1924
3086
2625
464
384
2621
12
496
2469
472
236
172
1594
2525
1295
2194
1140
2230
2257
2194
1898
2696
2976
454
2037
2051
1024
2594
154
1861
1261
2079
3054
1993
650
1545
1400
663
2042
1976
2457
385
2148
2158
2911
1550
1138
2158
566
180
1137
571
984
2221
1025
3021
2379
156
2400
2534
124
1769
2720
3178
1869
1477
1509
54
247
1658
137
2704
2043
2286
1648
3061
621
893
112
2509
1073
2571
3081
164
1577
2213
3186
742
2370
2371
1383
601
2247
2210
1887
902
472
181
2278
720
3161
2416
1531
96
2809
1286
3158
215
2179
55
832
1360
733
698
1524
2311
1018
2817
1160
1495
81
650
2097
2328
2860
769
1337
1439
2272
401
266
2218
2817
1798
421
518
1191
364
733
1478
1741
2887
2838
582
370
2469
1000
2711
2072
2160
991
260
917
3088
2588
562
1964
711
108
1021
2434
375
1346
143
280
1768
661
1471
239
2716
2949
88
2389
679
670
866
1256
1670
362
1435
1937
1354
1695
2854
2549
2390
1523
1299
1208
1631
427
427
2006
3096
570
393
2971
1231
1865
1317
733
2921
1405
3122
1708
182
773
1071
3174
2458
2506
3
597
2308
2857
1253
1483
2487
659
2692
904
2409
3119
1017
2290
1797
1411
2046
1135
1383
1470
1868
2411
983
3097
904
1165
1978
1975
2447
1221
2588
2450
3140
1681
200
1178
1272
2687
3160
2071
1698
2354
82
823
2751
1879
2234
2904
3015
1724
1159
2990
920
2142
2873
3147
1415
2958
14
647
2286
710
1204
2211
498
2726
1496
1770
306
1441
626
2004
1902
709
2827
1438
695
3168
1127
495
2999
2287
1593
705
2536
2573
1959
736
2316
80
2705
1387
2112
2017
1705
2611
1528
3201
2488
1834
2750
1222
624
2759
38
1558
983
733
1512
217
2551
1296
611
929
108
3148
287
174
669
710
1577
1482
2097
474
284
1909
3085
1812
2
466
1754
2752
1688
2378
404
1726
2043
1387
2459
340
2926
1795
2959
323
831
1174
256
1118
2671
2247
3150
1033
514
2032
1507
798
2048
2700
718
2051
3166
2472
2910
2961
2957
99
1472
1785
2808
716
233
2520
619
1299
2843
2772
580
3099
1998
36
238
1933
1069
753
2073
684
2873
906
1491
1698
2957
2764
2277
2653
2510
2019
859
767
1912
453
2805
252
1080
1531
1551
708
1089
2131
1914
3087
2168
2152
1805
1344
1012
663
135
1993
2892
1626
476
2634
2497
2754
179
1792
2880
2361
666
1577
2814
1579
1829
2001
3110
1487
2709
2306
404
2730
285
679
1667
198
130
787
861
266
2780
1860
3214
41
1280
604
902
2781
503
568
1927
1170
252
2848
2749
189
1634
751
1676
2450
3058
187
1965
1450
866
418
1648
2319
1205
617
692
2092
2477
2013
240
542
2617
1143
1431
3121
3033
1465
2398
1392
1099
39
1581
840
790
43
76
1955
230
2041
191
2419
566
3161
1523
3093
563
322
1970
3041
2335
2211
1690
3060
1461
1228
2966
2601
2694
256
778
578
295
2360
1418
2407
510
2816
1148
740
1643
2661
1266
2209
714
2789
2088
1278
1218
2165
2426
339
1161
2223
184
729
237
1257
115
2931
1513
894
1616
3130
39
1141
2322
549
743
1577
2611
2386
2345
663
2702
3060
1559
2897
2445
2778
1848
1656
1224
1116
664
1408
1846
901
772
1961
1939
392
962
340
307
2323
1482
2629
2872
332
2314
376
2718
1444
2361
312
1289
705
3210
519
1590
3165
282
2814
2388
947
2329
2341
3170
3101
1088
2
1600
157
1664
1907
2481
1253
2644
245
1585
1743
621
2410
3187
2982
2723
2584
1795
825
1210
1492
2097
1493
1092
1270
547
1528
397
1824
2737
2807
3148
1122
2964
1598
3030
337
2851
566
583
1222
2309
1204
417
388
2294
1247
1079
2196
179
2290
473
2276
1890
2887
1654
544
2523
158
475
2045
2965
409
1274
821
2007
1089
2481
2965
2977
3064
972
2071
2375
2712
567
2776
2066
1646
1757
2246
2043
2231
2629
2040
10
1068
2584
2533
1226
3060
1363
2298
1576
2638
1227
368
1834
493
1440
2919
342
2413
1775
824
17
449
386
190
2096
2143
2436
2246
2481
1851
1072
2492
1026
1763
3132
360
2930
2603
2658
1291
133
1992
2981
74
2485
1207
2993
934
1727
1554
1759
3066
110
2145
41
313
2395
585
2560
1662
543
1739
2261
1569
287
285
1929
1325
2888
2695
723
3021
1472
1812
3096
2065
3019
2874
2999
2853
2535
2865
811
2646
1795
852
2959
2298
1437
411
2067
1980
2150
1113
1657
545
1398
1693
1870
2394
1173
700
2200
2646
2512
188
2818
423
1170
2602
61
490
2253
872
1243
2155
3047
2310
1238
2591
2721
90
1357
2979
2525
1121
1631
2031
2814
1608
1210
773
2308
1517
1526
1606
1706
1129
2029
2876
1838
198
1473
876
2392
824
1139
2224
3134
2377
1601
747
575
1065
511
1207
2186
249
23
3107
1857
2555
665
951
2180
298
2557
1993
2749
2693
2976
1373
2891
1234
356
2069
2058
1495
2400
84
1980
786
832
2555
3173
2665
547
251
1022
1893
144
2879
1233
2131
615
1520
2430
1279
298
71
2080
59
1444
1756
2616
1801
1932
2781
1403
2440
2866
168
1333
1805
2723
1292
2577
1378
1543
384
1378
3009
49
718
1926
1986
2239
2463
1373
2537
2534
238
704
764
101
105
672
141
2886
2075
2581
644
351
699
556
1181
98
3134
2559
2964
1625
2044
2758
2996
2763
1469
1768
1787
717
3141
1109
37
1486
1813
2123
1587
25
902
1728
2912
1084
1094
1663
1435
3116
2220
724
3214
2139
1390
2963
1871
220
614
1653
2983
2083
206
1555
2801
1454
771
945
2940
692
1175
2634
717
2077
1148
1736
1268
349
185
2704
1572
2405
1535
1572
2651
2925
2642
1307
3145
41
2960
2913
232
1273
1253
1140
834
132
2085
1881
824
1367
1301
1541
1551
556
63
2819
905
248
415
2478
760
1950
2157
196
1661
2906
2825
1591
2948
678
2612
1287
58
1972
2427
2215
2104
2619
881
2928
771
289
1255
2322
845
1318
1926
1751
2888
2342
2336
1755
2399
1278
58
845
969
2883
544
2024
1668
3156
96
1727
1913
2523
727
2125
1927
2930
1838
805
5
3093
3127
850
2518
3161
2601
298
395
3044
2053
2794
1107
2111
425
184
3102
2291
2208
1555
339
412
67
359
1042
2116
2484
1077
1832
1108
1882
1837
2308
3117
794
1612
3063
1503
17
243
1332
178
3037
2440
2289
1569
731
283
1967
2939
1839
2306
1458
13
2666
2501
237
1935
1685
176
3043
352
2013
244
254
2807
1856
1424
1095
3195
1667
535
158
2812
2975
555
1166
491
838
3134
1537
784
332
1103
2120
2998
1711
464
3041
181
640
976
1855
760
1220
217
1674
1183
1641
877
1164
94
1412
1322
1013
2494
3199
286
1092
2145
1527
736
1036
1860
1839
1263
1643
1657
1727
2791
1838
2367
553
1801
1234
1773
2018
2909
2957
444
571
2228
1860
90
1657
2873
2584
1642
1267
461
572
2794
1197
2930
1439
1144
979
1190
2801
2706
766
2747
3181
1319
1333
1200
3093
136
2216
942
1902
2787
3170
548
984
1612
1528
353
1361
2795
2136
40
2375
119
2971
1921
2585
735
3111
2171
226
663
3025
1514
89
1143
822
1289
1279
3038
2231
1289
718
293
3159
1702
1906
1472
163
1374
2375
2299
1415
2857
525
1171
1563
3110
1906
2782
174
239
230
3199
3076
1641
1128
683
2931
514
506
1947
1803
2546
348
1747
1034
361
1327
1197
1735
1809
281
3150
1451
807
1106
1121
2024
1119
688
2198
2681
2240
290
2542
667
1418
10
383
39
1838
437
3165
1170
785
1697
311
1146
1131
2830
989
2940
3111
924
2498
2025
138
1727
2157
1257
2415
1140
723
2763
1430
1372
215
955
1382
1920
2317
1328
2357
2267
2498
1250
2071
916
503
3203
531
1492
1035
1749
2417
1641
560
662
153
824
1919
2568
1964
750
223
1502
2122
438
564
1612
465
2881
1047
930
1933
330
2180
790
2568
790
2100
3099
2283
1242
1633
2807
2883
300
254
3036
1124
280
497
1196
1030
720
805
1260
2481
1369
979
2946
2358
2026
661
2398
463
948
3188
3031
1739
180
2915
2129
1423
1333
1721
2413
2956
1975
2235
865
2255
839
168
1393
1559
973
2653
2147
450
1739
1879
2808
550
647
1991
1013
2918
72
829
1442
1574
1851
356
1104
1291
184
303
1032
2159
645
5
2521
1484
173
2021
1150
2469
2781
83
2919
1305
69
619
1855
2038
717
2868
1741
789
1804
1290
471
440
1646
1575
1732
1830
1878
871
2096
2523
876
2725
792
2372
1531
50
1626
1098
1455
1330
2403
1524
56
1044
1669
773
2019
196
2885
1931
1486
141
2371
1240
1716
2210
3070
1702
1189
59
1010
2065
2784
3125
1222
2422
1282
2848
305
2737
2285
2709
2368
448
1860
822
1222
1986
1018
2214
2024
2505
2355
2503
1852
2178
1498
3029
1987
2687
3088
1105
2860
764
2337
2189
3187
404
1823
1599
3141
2215
1093
2294
2664
1060
3116
1993
1154
2242
2314
3178
2854
1454
2466
1491
1739
2072
1305
512
2866
2501
2939
2511
1372
2061
1486
1344
2465
1416
2944
498
1738
2144
899
2509
1312
2122
2609
573
1149
1708
536
2110
1269
1110
386
3009
1289
3014
1628
940
407
2674
1559
1779
1520
1152
3124
2092
675
960
2590
2413
1211
274
3030
2523
503
2424
3096
2975
918
1740
1870
294
957
364
1410
2246
1485
3038
1293
1892
2497
959
456
2124
2111
1687
1001
893
754
376
92
1966
1972
1229
2596
583
438
2478
343
2678
2325
2213
2973
1389
684
1168
1742
2169
2314
3035
846
2918
2102
2625
1828
2320
2419
936
3214
3174
2635
1413
32
2714
2642
2628
82
1187
3213
425
651
2323
746
1731
497
1430
1006
2239
1707
1427
167
660
1131
376
1392
1066
2696
597
2002
2695
1878
1422
2215
1910
2244
1642
1323
2326
937
2644
859
2910
1752
1605
1426
357
1142
539
703
2849
1967
2192
1617
3098
2568
3009
2271
2050
391
2380
2852
376
1910
3175
393
939
1602
1717
50
2539
1146
909
2234
1005
621
1767
2684
3086
2307
173
827
2381
472
2444
371
3041
2239
2642
3198
737
1807
942
2436
502
902
2829
1441
612
2653
2814
1258
1906
1830
1600
2912
559
152
488
430
566
661
1257
2947
2456
1809
1425
2282
2155
852
372
999
767
1314
220
2591
324
1157
2140
936
595
1739
2194
2502
1676
579
306
2235
2054
794
2665
2620
2778
2030
460
2019
624
1885
2408
2779
845
2780
563
2934
879
2106
2310
1203
48
1235
246
643
1081
2441
1252
2758
3020
2880
1778
1859
460
2551
2587
1345
1366
1154
149
97
1146
2557
2876
98
229
1546
3032
2430
1759
235
1741
3129
1470
1987
1880
659
1213
3132
1524
2341
2798
1409
2307
1365
745
3001
2710
218
2262
966
315
194
1630
1298
1614
1859
952
1432
1074
2711
1667
2815
2626
1244
2910
1291
10
908
2530
1534
1356
220
2944
1771
1585
1796
1557
1080
2015
605
2046
437
2121
1783
1736
520
427
2688
59
1502
291
3048
2424
1024
2400
2119
422
2410
1135
2953
2052
598
3173
1781
2369
1544
362
712
731
484
2639
885
922
2867
2668
2658
1494
3096
238
2876
2705
1851
816
21
2876
1
248
83
519
1383
1143
2571
1981
1102
1137
1136
753
2821
3170
2806
1413
701
476
2335
1675
1252
3100
1276
2455
1445
937
52
81
1754
73
1064
1755
321
1148
381
3026
2291
2952
1793
1500
2196
1036
360
3125
2313
3167
1323
1121
1750
1765
2796
3002
2972
857
2242
2524
3117
2294
2605
1656
475
455
1518
796
2925
1900
608
108
2959
508
2931
1941
2866
76
1851
71
28
1281
1192
1779
3046
2095
2888
910
1059
1916
219
2283
2317
931
724
2792
2708
350
374
2418
357
2304
634
1423
919
350
149
1892
1748
107
1963
1777
1388
1262
1663
2541
1464
1336
236
2523
1359
455
1592
462
2709
423
1361
2202
2095
3057
1406
559
2146
147
1983
1172
497
239
3064
2245
347
3134
2129
3057
1181
1899
491
2645
1343
2049
61
2702
612
2975
1271
106
1505
2633
2308
386
582
499
2267
2729
646
1035
2008
2465
2597
3180
2818
1051
3099
3054
893
2388
1739
2706
3140
3082
1541
1308
676
2153
1068
55
2259
2574
2688
1352
1067
55
3174
1441
891
1927
2477
1007
2500
3181
972
2103
1017
2178
1942
17
2673
466
2724
2599
1655
1050
2014
2332
3203
3083
2387
354
549
3182
1706
2938
1344
2987
1164
343
1700
1748
1350
985
1714
429
3088
838
714
3137
856
1495
1711
365
879
151
2737
1000
590
832
868
1084
1186
2739
2373
999
569
503
772
1734
2168
2472
1589
1625
242
1411
161
1437
2249
875
2681
1212
2370
1177
2899
1356
2651
2421
2357
1348
38
1332
540
2546
2179
2913
331
2748
1523
1103
2589
476
360
2286
208
1924
1804
369
1468
838
2567
934
158
3044
219
3057
2508
977
2264
2972
432
409
2411
972
2956
1375
671
1394
2231
301
2497
2927
2100
964
1998
2308
995
587
785
2463
2748
137
1504
1013
1288
3045
855
581
2129
1226
1660
2562
2958
857
319
806
339
2312
2200
2570
721
1482
390
2821
553
495
1914
1548
2405
806
2118
45
2265
1729
1058
339
2882
1913
2242
1796
1247
688
2465
990
1545
892
1796
1884
3204
781
2562
2032
370
1059
1638
2245
1554
1660
578
744
2466
803
789
1517
639
1847
3178
306
1868
2205
2103
1222
2893
1353
2212
2545
352
2115
2537
1664
1003
1884
481
2695
2943
2120
1725
1282
565
410
134
1138
1213
923
762
1852
878
725
266
853
2931
2369
2075
2609
1829
2394
1940
289
1294
1262
1953
2297
1253
2434
3099
2303
1339
1609
1692
11
126
1826
2472
2661
857
19
2620
3057
745
2886
695
1783
147
877
1177
84
56
1224
373
2672
593
2326
3076
3168
1545
2960
2256
992
1354
2056
1003
2802
1989
260
2248
953
1602
1653
795
454
1325
2812
2237
1472
474
199
1556
1852
2746
36
1309
1446
2362
1170
1400
693
915
1763
1685
376
604
795
3178
701
2378
2211
1654
765
1972
2450
1219
82
154
241
2876
1951
1762
1218
1910
2615
1254
5
847
1724
2497
354
2417
1520
2117
2209
3
829
1111
1289
1530
1596
1607
1291
2361
364
526
1687
446
2003
35
108
739
3120
2648
2649
627
2009
761
1474
518
44
1828
1042
2886
2053
1358
2889
989
577
963
2519
2173
2571
595
2642
2935
2444
2436
1489
2554
579
2919
78
484
459
834
1111
2468
2918
693
1094
2962
628
243
740
2681
2924
414
455
286
2700
1081
2459
163
2999
1886
1205
335
1108
2694
2889
1687
505
1074
278
964
15
2711
218
2933
189
2634
787
818
2877
1527
1606
2586
49
169
2872
856
2572
224
1019
463
2110
2224
2120
1325
3026
1794
1119
316
975
2719
1281
2313
2216
1499
2031
512
2240
926
2652
1902
560
1044
2596
609
2535
2253
1465
1892
584
591
463
802
2816
2583
2127
2627
2485
1354
2943
1567
858
2331
665
1181
1937
804
1694
962
1730
2453
2865
2290
1604
353
1007
924
713
2472
924
1298
3064
1387
2100
772
2077
2334
1506
1347
1795
1234
2915
761
1673
1687
1942
395
2491
1743
1358
1006
982
2330
82
2586
2683
2411
1618
181
1668
649
1479
2839
143
1686
1718
2220
806
9
1675
708
2566
1375
1469
1024
3062
197
1419
446
47
884
1452
1029
3214
2856
1723
789
2052
1448
971
1828
2097
557
2774
2240
351
1278
1245
2479
1287
1027
3187
1960
2402
1442
2984
357
2961
1189
2125
3008
180
362
2145
180
1326
1975
2291
1485
208
47
98
2305
1927
980
1330
2278
2258
682
1542
1652
1710
1514
398
2219
1063
1489
683
809
785
2808
603
966
1278
855
2468
711
2830
1544
2196
3038
2914
402
2128
1626
1382
1565
689
1747
354
338
1506
171
1852
11
498
1023
1501
2503
1832
2286
2097
542
37
1482
1397
612
2193
1012
2157
2496
835
1856
2898
1070
267
2387
2635
2278
919
1097
723
2426
1268
682
544
1766
1705
2045
1055
323
1117
1259
865
2476
848
2263
3089
1148
60
138
429
2218
1994
1435
73
368
607
816
753
1527
1913
1476
2060
1288
2158
711
1162
649
2757
324
972
1981
2905
3159
1242
1860
314
2438
3008
375
2576
1544
700
2677
2979
2095
3045
372
2911
583
6
2931
2059
173
2327
2325
884
274
2974
1748
598
2053
514
1610
1997
3079
255
2312
2302
48
794
2986
2914
2816
2448
2679
1696
2279
1158
1393
969
1164
2431
3029
2659
1543
2139
1650
3139
5
184
1844
2058
698
239
2162
1884
494
2581
2294
1864
1482
2065
1564
1083
2620
2350
2780
1684
293
2280
761
2779
2818
1897
330
1147
2143
1980
1071
2148
2164
2916
2313
970
1262
2582
2854
3079
1949
1933
1728
1538
2105
1399
729
1511
534
1616
1302
2149
681
2063
3035
1606
2067
150
860
995
2131
1932
1250
2402
2955
348
1479
2324
1038
1119
2188
1094
1159
2024
2632
50
208
146
2883
2065
1762
970
2321
550
1141
2142
2157
3208
2292
3017
2311
1208
3056
346
1718
903
2017
3197
13
3055
2423
308
934
368
2332
351
1740
648
1820
2730
2713
367
1807
3141
918
1055
2068
1182
1049
1146
984
1467
461
2148
1813
2179
1158
615
2162
1171
1777
2692
2802
2711
3060
1919
1170
2907
674
2990
2422
1494
1464
2337
1421
2382
177
274
1671
2548
1420
763
800
1882
2911
2614
2168
854
1336
1115
133
1221
593
2935
717
1760
2961
3209
2775
421
2984
89
1915
1234
2426
121
1723
2604
396
180
1937
3138
943
2738
1805
1961
244
759
2815
2902
3196
1055
2230
1896
2097
2948
1764
1844
1049
1324
372
2141
1413
394
160
1947
516
3205
1336
2234
1492
1380
2157
2435
2225
2070
2503
576
2829
211
1586
917
1266
601
2814
1471
1656
2685
1422
2706
794
1794
1632
314
2188
3114
368
811
1211
3026
3045
2704
1192
95
31
1524
2165
2535
2101
3101
2746
1794
2125
2119
2395
1724
1697
2159
2516
3119
1650
1417
1698
1389
3054
1994
2610
207
2805
606
19
743
95
2533
838
1449
2164
1110
769
2372
2318
1622
951
1228
1848
132
2953
331
398
361
235
2048
1779
41
1544
1618
2035
939
1825
2947
1545
3166
475
2963
591
2635
1197
2756
530
73
1913
2848
3017
2865
862
1650
1104
1922
88
2824
390
1646
1657
2169
1687
1308
572
507
2247
505
1561
1899
1778
2037
1647
2370
2779
951
18
95
1024
38
1050
826
1010
19
584
2114
48
672
3045
439
2318
1487
715
2112
2795
2610
726
3149
1222
2288
1834
3000
1110
1588
262
1996
2540
280
198
349
319
1249
2498
1329
2590
3082
1551
746
1861
1381
2507
2287
976
7
1184
1878
724
1911
1813
1946
984
1754
1732
201
127
101
2197
2667
1704
2396
1124
130
1752
407
2781
2449
1596
2439
3195
242
1928
594
2529
2904
1924
1821
2889
2648
517
1487
1380
1501
1348
1219
3024
1476
2642
2006
928
1131
2509
159
1261
1046
566
828
1603
269
52
2905
1834
1980
285
2470
2991
2209
1076
2666
2964
2915
2260
1129
2523
394
455
2332
3192
3098
2446
2227
2336
1740
2387
383
894
1060
2533
604
1330
692
294
1271
780
579
526
556
895
2925
1329
645
2625
1697
1774
1934
198
337
1051
175
1542
1604
509
663
1452
2896
2368
2346
742
1686
2950
179
486
1351
2772
1266
1931
83
3144
2826
1115
2581
256
526
1063
138
2460
2583
1797
1618
865
124
8
1374
787
1460
1056
3156
1913
3120
2949
2970
1406
220
1106
963
1486
1144
2368
2738
756
269
2104
2334
795
1274
579
1362
1964
2376
1087
2829
2500
1095
2310
1395
662
151
1336
682
1378
1070
1759
891
2613
973
3176
2206
2117
2330
1729
980
706
1940
100
2823
3214
2001
2292
70
1163
164
2899
448
2582
1995
1843
1351
253
1286
2034
2954
464
578
630
3077
1551
1914
2068
1776
2351
1905
2756
3057
630
963
772
1952
2965
3064
2022
2235
13
3029
790
702
1809
2634
2054
169
2027
873
3123
2491
2773
1861
460
2432
560
2529
993
1018
2541
1856
860
3171
927
2954
1908
1999
2803
2038
1019
923
1852
1809
1626
1768
2550
1787
1937
1363
2660
3168
1961
325
1814
2422
864
481
3058
3179
1499
2384
1821
466
447
855
205
463
2854
1115
2501
658
2038
1138
2467
1771
2906
1803
343
2950
1273
1110
2903
19
1436
1502
2441
407
90
391
372
2911
2775
2193
162
1330
3048
1689
1793
2687
2804
1079
1452
2950
324
704
1506
1337
614
3172
1072
1887
1067
761
14
610
370
562
1018
461
954
1390
157
1836
1690
320
3166
2845
2009
1744
424
2921
930
1876
2656
1254
687
2269
2591
2624
2226
449
2618
79
1210
2632
2011
1580
3195
1136
148
2256
633
306
2199
2323
1948
2151
60
2064
2002
484
3092
2933
467
2533
2294
1155
1588
1671
1886
599
227
1289
2000
2759
707
2119
2446
2009
40
2595
2372
674
1008
1356
1104
1063
1614
1165
3127
402
1649
3005
1442
224
430
521
2701
2018
299
1372
725
526
2661
832
1392
1475
2951
624
1591
2992
4
2070
1773
2334
212
2877
182
1826
2149
1416
335
1906
2528
3099
2130
2959
1728
1616
3084
2027
1095
594
661
1863
1427
2053
124
2485
2677
3037
369
788
1893
2142
1229
212
3127
1411
2038
168
2828
481
2074
248
365
2311
3207
200
712
1184
2228
1807
1778
996
456
1312
1156
1902
583
1941
3046
952
836
3046
1202
2066
43
2436
262
189
2604
1197
670
2786
2768
2357
1882
2760
2558
702
729
2893
2509
615
1996
1072
34
3152
1081
1939
1878
2235
999
2715
2066
2201
2888
2110
2744
1257
2299
240
2455
1076
3026
2008
1540
1694
2875
2205
2396
1712
3205
3012
434
1986
2192
468
31
1380
2408
16
400
1514
838
574
500
511
2684
1351
1769
3090
1591
2331
2273
2725
1124
1920
1204
2106
911
1707
1925
2223
2826
2359
995
1803
935
2348
1291
1450
2364
3013
2964
3203
372
1571
499
1163
2922
2268
1038
2620
2706
1418
2130
615
124
1441
829
2357
3148
2754
1365
2760
6
467
2670
941
2815
2068
2391
1965
1867
2140
60
2239
1818
559
188
1525
935
2548
2252
426
752
1168
2364
2198
2609
1300
2662
650
839
812
1517
845
2602
972
3108
2202
1148
2284
2274
3015
2531
2334
2039
1134
1001
2227
766
43
1561
3019
469
420
972
940
725
1688
2240
172
2338
1187
2306
640
139
1693
2935
33
2003
868
2317
2384
668
2956
2826
814
875
612
1149
2964
655
817
2768
2446
1237
1847
172
69
320
519
241
766
3028
654
2728
3168
455
555
3201
2458
1423
410
2949
198
151
2560
2335
2349
3172
269
2098
1934
1086
1651
1166
430
1605
2660
499
1925
1286
2062
798
1100
2716
312
1053
3171
867
2361
521
398
2771
1578
1918
1030
923
1038
164
2203
1307
2262
922
500
2020
195
930
410
2855
1429
442
927
1598
1241
134
1100
1553
1187
2378
527
1655
1007
2247
1211
2585
951
2241
1615
1989
512
603
1404
2774
2848
1904
1579
3043
2835
96
2684
2371
539
1718
755
1780
1852
3177
1440
1146
447
74
2801
2776
2322
2119
253
58
2468
1869
154
2980
579
1558
2540
212
1570
2226
41
2512
2323
832
1668
2862
657
530
2749
616
1814
974
1762
369
1048
2670
1252
155
1574
1506
1535
827
1482
1690
593
2061
1355
1240
2274
2925
251
422
2222
681
1254
1998
1650
1911
2528
1184
2527
2450
265
2396
2819
1314
1851
2178
2791
1532
469
1112
2360
1951
909
1060
798
2264
2300
1179
1975
658
1601
2304
1340
962
1087
2990
980
1723
2282
1614
958
2547
2117
1884
1968
753
847
1545
2285
1317
764
2752
1375
2995
597
280
2044
1004
1459
2126
1663
1167
2538
1110
236
410
2207
1216
2133
1274
937
1198
607
3054
3082
2575
1914
2037
2227
2307
1461
1098
1844
2836
878
549
3117
1030
1553
2683
1263
1323
1958
586
2433
2194
2319
1426
1518
1237
2700
2455
2436
1414
402
410
775
2316
2447
1109
2730
693
2208
1360
1637
3086
16
2861
2223
2891
436
272
1000
2394
858
218
2696
3177
2966
2321
2522
2452
2883
3065
1973
70
1582
855
494
2137
1965
9
937
958
2691
2574
2151
2707
327
1160
2384
764
2754
1491
1265
1719
3031
746
3004
2783
3067
2311
127
2736
268
2100
913
1850
2956
1407
772
1706
2739
3032
771
2215
2391
1029
3030
2719
296
2199
1590
3050
1797
2855
2877
1613
1709
2666
2503
2883
3084
2630
511
137
1516
1425
94
2579
939
2189
2392
463
2006
1270
786
2504
2299
601
115
703
907
1705
538
2704
2668
200
1102
1162
973
391
2152
842
1128
2664
2301
751
2196
2396
115
3135
2692
614
1706
2805
1884
2492
2094
2291
3093
317
2994
785
129
1639
1596
2797
3162
2698
2066
920
1196
1004
3085
432
1775
2171
1183
756
2674
2621
676
2151
20
489
3063
12
2981
1943
2303
966
2260
189
3073
2389
1828
1454
79
1775
2260
2145
803
241
1256
673
1995
3031
2844
3179
572
411
692
2571
669
2034
1167
518
153
2256
568
2456
7
2828
752
3081
109
2581
1320
1510
2463
365
1763
51
1929
3019
2046
709
943
2998
1995
2837
194
794
300
2185
2829
1468
2703
2982
509
56
331
516
991
1083
1704
2423
1771
1132
718
2342
2819
2481
500
1533
393
2547
350
2658
2330
452
2280
631
1247
2581
2816
2183
834
2305
57
2665
468
388
1288
1460
2794
2993
1990
2672
2232
2708
1799
1836
82
2300
1477
1797
1632
3149
1240
2069
386
1627
807
2955
993
408
30
3149
820
88
706
1289
1798
1995
856
2699
3095
2846
2157
2112
446
2063
733
1850
1148
2210
1754
887
251
1101
1063
1960
2729
1870
3022
1829
2279
3053
3086
3099
1248
577
2495
3046
2572
136
638
2452
1089
2795
1349
1536
1643
190
1493
899
507
33
3108
759
1134
957
2719
648
2827
2526
585
3213
471
456
1205
1719
1033
485
2873
1713
1944
296
2272
3033
1198
1729
2676
2841
1919
955
1847
2426
988
1741
1292
2122
2698
2118
878
417
1430
1463
416
8
26
1621
1728
2381
2106
2708
879
2157
3004
1259
1976
987
2988
1437
1935
1692
2392
1890
2225
1487
416
1625
1717
1221
528
2595
1638
65
2165
2054
74
2191
1782
3124
1357
674
2617
344
2831
513
1603
2914
2822
2698
2459
1542
2497
2958
217
1507
1231
1955
1239
2948
3176
1768
2328
1600
3155
2600
1761
1336
1576
329
1245
1040
2325
1969
2706
48
2482
1094
2963
2089
1899
2207
1739
1181
1950
63
796
1288
2019
2035
1021
1980
1910
1456
1687
1851
841
234
3187
524
1885
2540
1565
995
2616
1056
2365
1884
258
2113
2080
2157
2427
1926
1446
2485
1990
2242
558
794
1062
2902
881
2973
2465
676
2931
1414
910
1010
1938
902
335
1610
4
2952
774
2369
2943
2354
2590
3130
2618
3124
1842
849
2394
1939
3091
1060
840
939
747
1721
2019
1319
504
1735
2733
2736
2745
1457
423
1188
1174
427
2247
55
904
82
2409
279
3212
1813
188
3161
769
690
3207
646
1750
832
2907
604
661
1711
30
1165
1553
2764
687
2405
2328
2432
378
287
2860
2625
343
1871
2707
859
257
812
2672
445
2080
1549
2457
2073
2195
2314
2905
1887
1025
1673
1705
1056
946
43
605
1633
2448
2933
850
934
1327
1817
1666
2992
473
1159
637
2052
78
1416
2498
2158
2965
3062
1016
52
2162
2029
1939
3187
1809
1751
1028
2755
1794
2955
1173
2350
780
131
69
215
55
3057
3207
1851
1001
1951
688
2401
1475
1293
2667
2547
1141
1790
2600
88
604
2646
1382
521
2505
518
61
2406
258
2557
1541
2361
2688
2932
2576
850
2775
675
2701
1883
2627
1497
2392
2209
2790
1844
1541
716
419
2248
2126
1024
3002
1616
2867
2292
2134
2928
1483
499
2270
1132
2860
3065
2171
328
701
1731
1004
1509
1722
1738
3006
899
732
2582
2743
380
1405
3162
736
1639
2293
1845
40
1945
922
281
2981
512
780
2036
2966
1748
3209
1923
2076
2017
1761
1187
311
1590
2925
1425
2489
1764
792
124
2145
304
1394
988
1943
1794
2833
90
1847
1862
371
1613
2374
2474
1756
2126
2329
1750
2156
2512
552
702
485
864
400
1517
2289
2889
67
1188
1121
319
2814
2515
1307
2865
1094
925
1062
2941
2787
2756
1339
53
2015
1203
286
2451
2953
2442
3070
291
1252
340
2477
1652
1858
2873
2648
32
2168
554
351
1767
1176
1658
2739
2271
2583
587
104
262
128
2766
315
250
754
602
808
492
3044
663
2105
2403
2326
2689
840
2291
2347
1596
2323
2622
2150
2674
2497
112
1117
2021
490
1807
715
1916
2069
843
1467
491
2415
328
1093
8
821
2245
1994
1033
1433
1105
508
381
181
962
1977
2504
370
2234
1963
974
453
1187
2995
943
1101
1818
2860
1277
768
2434
1768
3184
2763
969
1299
1691
3214
78
2724
1432
1183
1339
3135
1364
409
4
1975
2101
2239
2045
3075
799
1339
962
3065
547
2780
817
1824
334
36
1700
1625
2799
2669
2924
2597
2668
1110
214
2207
400
1553
2128
3087
1962
2132
1847
848
2478
2000
2030
63
124
2993
3128
672
2558
730
603
999
2088
2303
2624
2995
1757
441
2377
1210
1551
2591
1525
58
2252
438
3145
2321
677
3100
3170
1263
1885
92
1326
2009
3085
2561
788
536
1398
1392
1535
271
480
2267
51
2238
2708
2429
1555
2366
3127
3080
2424
2164
1625
2355
1271
410
2240
2548
1673
2232
2640
1106
1026
618
452
1815
1154
1850
3207
796
228
1794
3063
1602
817
663
816
480
3029
2050
1667
346
1000
78
808
378
1810
1155
1033
268
172
458
1374
1198
1076
3148
1120
337
3105
2434
1134
118
1014
2304
1720
3153
2968
643
1740
889
801
193
1235
3123
1593
2043
286
188
3198
1319
1778
155
3099
1259
2676
2283
1192
581
727
1082
1123
1861
2522
244
2273
2350
182
2026
2993
30
2915
1901
223
2258
1809
3138
1086
2095
1433
2392
1521
3211
2547
1406
2577
2008
1796
554
697
2523
2958
3142
2492
2265
171
1550
1400
1675
1683
2501
1705
2705
1187
35
1748
2997
1280
942
3199
2713
119
2828
816
773
2341
178
2782
922
2054
1586
230
1797
1513
829
848
3006
2379
355
1466
2169
2856
1279
1660
2151
1314
1515
40
2595
2457
1346
200
2576
959
2339
1457
85
624
2346
2329
2679
717
2560
1261
337
1496
216
1450
661
572
2916
937
1535
980
2597
1793
402
898
1833
1104
1462
3180
2626
2146
2246
1750
388
2332
482
2734
1446
3161
1558
2113
2529
1895
395
853
130
2378
2747
1153
100
1067
241
805
968
1965
3025
2801
3069
1272
873
587
203
3120
445
591
344
927
110
1790
2195
2990
2011
2831
1670
513
469
3122
2891
1
2383
1098
2391
2624
10
144
2696
3035
1052
2550
1093
1926
1244
2618
3153
1689
1317
282
2616
2749
179
2918
2525
2190
2535
980
2703
1111
2210
486
1113
1378
2907
1611
2109
1024
1755
1590
845
914
2247
45
947
1598
2663
885
73
765
2489
796
300
2669
500
2825
2966
1142
1912
562
2253
2229
2370
151
1714
169
3084
1930
1194
2946
1627
2039
646
1981
2084
1593
365
2854
586
438
1727
3075
1234
2027
636
3056
2959
1710
983
2978
2272
22
100
2749
1495
1814
2919
2687
1852
898
2418
264
2937
3064
2246
3128
2765
718
874
136
2478
2601
1318
497
2735
1955
1661
586
1772
751
1672
829
2095
1772
363
376
1693
67
1170
330
2287
373
595
2009
223
948
29
1095
2988
904
1231
2251
290
2549
855
1133
2611
2516
1719
1168
53
176
104
2148
1948
1790
631
427
3179
1801
2079
2252
282
781
2368
505
3051
2398
2922
2824
1409
938
1860
3021
1594
2716
939
2313
124
766
1588
1499
942
3015
1755
998
1590
2386
2747
1554
2295
1611
1913
2577
2393
1067
1189
2229
1572
896
3161
2981
3156
1806
894
2857
2629
1834
1955
2754
707
1651
2360
1649
1451
900
754
3041
72
286
2702
474
1898
1401
3051
2398
2468
2347
2734
825
1350
2680
1913
1291
2594
2807
933
2008
2748
2889
2869
240
1325
2015
3212
883
2915
751
709
1094
2360
196
2890
2365
1597
2726
1548
2172
3180
2389
1104
1315
3177
3017
2606
2556
717
1647
2671
1572
2643
433
3135
2075
555
3132
2958
1577
1990
452
779
1135
1970
454
285
1675
1288
3155
632
1253
437
1737
676
399
2861
67
1062
1685
3036
518
43
2464
2273
1285
1324
2828
1202
1067
2513
1299
2841
77
2435
1597
1853
827
57
3141
2090
2011
2502
2527
1855
3178
2926
1502
30
773
1294
3067
2613
2659
423
2994
729
1748
2607
38
2815
12
1338
2442
1411
1880
2146
50
814
2203
3191
2904
2321
2478
2216
962
2441
34
2464
579
2129
1865
1753
1528
1310
2176
1307
146
2031
2021
185
2954
141
2845
288
1552
2832
2434
1602
431
2744
1579
1443
1850
2164
1766
2812
2713
1801
168
77
715
2034
3152
350
1451
220
2979
1597
2252
3108
3104
1991
34
841
386
1586
458
2820
3189
2212
456
2875
440
2306
3146
313
11
2644
2114
179
828
937
320
2087
2609
1771
2308
2374
1476
2667
2267
2687
2765
2301
314
3151
1994
772
863
75
1091
1319
2950
1531
1732
989
3167
1743
418
2066
1923
2569
1110
350
1441
505
2122
1856
986
1705
1308
1360
1177
2180
1768
1491
2116
547
371
1086
623
1462
2405
1680
1101
2245
2669
1053
773
1195
1226
803
549
2337
1154
97
949
61
1954
42
3088
47
1402
1050
2228
3170
649
2451
1824
1020
323
554
2482
835
2235
1690
3080
3011
2743
1961
2313
755
2764
2862
1199
703
2960
255
2086
1699
297
1959
3068
1699
1117
188
2976
1766
747
2907
2786
2392
247
160
12
2482
1851
1200
385
2701
3161
2699
241
2710
453
2762
199
1520
3017
392
1326
99
2352
1180
3120
254
2690
988
127
222
681
1020
2614
928
2502
734
1517
2460
1934
9
1947
3202
2708
295
2697
1269
3058
1003
2789
2860
1396
901
1067
1855
188
972
216
2878
1961
343
1208
749
2685
607
2999
1972
1341
1301
1218
1382
1310
3165
1369
2126
245
2174
180
88
3177
1076
1056
2680
1977
2123
1320
272
3095
1536
3151
3163
3201
1144
2019
2671
3073
1803
1429
2522
1211
754
689
2522
704
166
2755
2271
2340
1042
467
409
2118
1523
3090
2203
1753
2517
2475
2955
2161
518
1011
254
2984
3030
2926
2843
1619
2462
257
2830
1323
946
244
134
2434
1106
2405
1559
255
979
76
2374
609
1273
2684
2362
575
51
2103
843
570
3114
1098
1661
2929
2131
2611
2655
2700
2868
378
808
1922
1944
942
1141
1158
1454
808
1413
2434
884
1894
3043
2157
1363
298
839
1415
2401
3005
92
407
2210
1753
1443
1126
2472
884
1933
2125
2584
848
2154
2635
3112
81
578
1351
2211
99
1892
1202
1993
3043
144
142
1448
2305
2879
634
202
1078
1041
2412
2831
2484
1645
195
1475
363
2321
2166
2533
1260
1587
2430
2663
272
1889
2981
371
1888
968
2365
3038
1112
614
1271
1525
1600
1905
1727
2678
1053
2247
2294
1645
677
2490
3120
2363
2918
179
1681
2285
3088
2219
3056
145
893
2822
1839
888
576
2311
712
3010
1032
1983
2642
2632
1996
2477
2095
3049
1509
2496
2801
2186
3093
814
2656
2796
993
2445
3189
866
1449
3030
2333
449
744
2279
1337
1320
1375
156
2438
2407
247
1865
1824
2243
1127
704
184
743
1308
2986
1037
1186
585
478
768
1578
2923
2064
551
2479
1879
991
2928
2623
56
2373
2051
2753
636
2596
1946
883
1246
1877
3126
481
689
1418
1224
1997
1189
2261
3183
3096
847
2058
1459
555
907
117
1142
893
1108
2177
1624
2486
2657
1782
2025
79
1163
2078
2284
516
740
303
997
2751
1721
329
1533
2910
697
2824
2791
2866
1667
2357
1529
682
581
2671
1575
3011
1633
3199
2283
1076
3088
2415
2477
1036
1278
1546
1553
125
1849
657
2877
355
2308
2517
1372
1113
2126
2270
764
1901
2734
2293
2583
1422
1749
2265
1219
1490
357
1609
673
230
809
3150
1267
2087
2803
927
2212
1438
2906
1874
3115
2000
1177
2595
3113
1410
2972
1984
96
599
1063
786
2021
919
3052
25
2409
1516
1634
3082
1746
2443
1124
1120
1315
713
154
1635
258
3061
1616
1480
3168
2793
860
3066
2311
1940
3157
514
2539
1005
1301
1345
32
2460
1371
2441
2083
1112
416
614
341
2862
3057
2978
360
1318
2720
1940
1164
1122
206
1117
2022
2388
2290
1118
1113
2233
1633
1759
1345
1041
3105
1377
1608
2583
1926
476
480
449
2412
2143
96
361
1907
1779
1680
2734
504
951
641
2032
2069
2664
2528
2466
1889
426
2806
307
2186
937
2670
183
421
1063
2766
2347
2861
31
2796
2059
2175
1000
2420
2189
2779
2207
1708
1390
3159
457
208
120
3121
2736
2586
1795
1269
2178
210
1562
1222
2880
1745
1643
2051
2618
776
3019
2650
1679
1863
2932
2679
2391
13
350
2705
3043
1741
2649
285
56
2769
191
899
248
94
275
2426
304
3160
433
1291
3012
183
1449
2416
959
2576
1851
746
1224
2890
1532
1722
2903
1883
1213
838
1731
1969
1124
3109
2846
2637
2115
3094
838
497
2305
2464
442
845
541
240
1028
97
2656
95
2673
2614
841
2005
2289
2373
1834
84
2363
1154
922
2201
3124
153
2095
2755
2791
2317
2634
414
2815
3046
2879
1364
1998
1527
1604
3026
2946
2367
1228
512
1766
176
624
2162
2550
2458
2246
3020
1720
1276
2007
2951
1429
2209
2491
2327
1312
17
849
912
1170
1835
2276
3168
1469
1988
1086
2522
1140
422
3034
1014
598
443
3176
1255
1009
315
1061
2729
1591
1175
2465
1127
169
3063
1562
2803
1187
2411
500
464
2353
884
1739
607
979
932
3129
2119
1354
1056
3133
1953
2821
1202
1315
615
1517
483
1451
3108
1658
2023
2342
3150
3193
689
2738
1165
1207
1346
2951
345
2230
1475
2274
1316
2408
296
220
547
1352
1461
607
958
2663
1923
2896
2287
2406
2454
2180
850
2585
2629
785
2563
104
1630
1836
2633
2976
1572
1086
98
3048
145
1414
2241
441
1635
895
3115
1203
1503
2181
1973
211
1862
1045
724
2423
1332
2896
1793
746
1788
1142
2172
204
2978
1591
3180
2657
784
64
2490
929
1478
2838
2693
1220
1841
2593
530
129
1559
2503
1662
1528
333
493
737
1665
175
2530
519
1963
1779
2691
274
1542
2389
240
2307
3173
1626
2904
2210
1211
2528
1688
2432
1154
2388
2962
2605
2055
358
2374
1690
691
2867
2427
464
3042
3065
983
3113
1629
1781
172
1279
2278
412
371
2236
145
60
2553
1357
695
2348
1896
3171
2844
2965
2561
1684
108
1720
159
2122
1373
694
693
2522
1866
1676
2420
280
1564
2593
2881
627
1112
37
971
2580
1420
1631
722
2115
765
725
179
394
475
2740
185
1906
2568
1666
2135
2048
2360
2828
1355
1011
2611
1883
2614
960
2583
2280
2910
480
425
666
3060
1845
404
1889
2067
1169
2614
2246
1563
1197
3094
3070
1210
554
1522
130
2602
667
2958
2064
3001
2354
732
2400
1421
100
2787
1116
1903
3212
3104
3070
3164
294
3067
2017
1463
573
2370
1134
3092
356
989
1087
910
2511
1217
297
1286
2282
469
2394
1421
2523
2901
2843
731
2473
2066
741
578
1956
596
527
357
1770
651
3142
2344
3022
1061
2221
1485
158
94
2396
776
2633
800
169
1701
1269
2563
1229
1900
2249
2179
2631
2830
1031
157
193
2987
2075
2042
1451
631
2694
1378
2975
608
547
88
2093
705
1504
1274
2803
923
182
1080
731
1451
428
1960
1458
785
925
874
1722
1956
2353
1915
3050
1214
742
1286
3167
1543
771
1034
2151
1318
1122
1030
130
2627
411
2934
1657
593
799
2388
152
2549
1133
1610
1441
165
2485
3163
2121
2945
3185
63
944
2035
2671
896
1685
228
1930
622
2868
1160
2974
2999
572
170
825
336
764
2946
2724
916
2280
1964
2526
1829
2130
3118
3099
2358
2849
1177
529
1900
1319
3200
2797
3004
1535
2834
1733
1189
2101
1492
973
2673
1663
3120
3009
2427
2851
625
1450
23
2590
761
1852
2827
665
3059
77
1621
1021
606
306
447
1914
1210
236
234
2152
1970
2745
1038
1569
1825
1819
17
1730
2935
551
1366
346
2001
1390
1043
2763
1349
1977
1535
1193
2054
3156
321
2661
1569
768
1360
2780
2327
2916
1717
2404
2447
862
758
1057
2681
2098
2788
2402
2649
2261
855
1436
436
1898
2306
3108
660
626
2408
2714
1889
2730
267
1565
1605
2949
2452
2039
2651
2276
2550
3205
3139
94
2369
2605
2192
49
3114
2948
2311
754
1169
854
2652
260
747
1419
2208
1263
2241
2204
778
2508
555
490
350
1114
637
1108
176
3187
1098
100
66
1574
812
365
2946
712
1421
2042
1466
2590
1003
2226
958
3073
430
1273
1121
2671
263
6
72
2140
496
1744
39
1133
2852
1537
1106
2057
1637
2494
416
2450
967
147
1269
2388
296
2735
3085
1300
3068
828
2480
284
209
386
1062
1794
392
2456
2041
2210
985
2080
1451
622
1725
664
786
147
3158
2525
704
2232
2672
80
1405
1076
2816
2598
483
2669
1533
2963
1060
1742
1456
230
321
3170
2686
2362
2165
1779
2550
401
508
1060
2387
1295
2529
2331
605
1341
2670
1384
1421
2183
2460
2344
1566
1050
3121
3099
2120
966
1627
361
2518
1948
316
1990
2418
589
1876
1753
2312
2384
920
1485
464
234
1923
2391
1575
1378
561
1104
346
1128
233
19
286
139
3119
2406
2428
2853
875
3053
1586
2513
3150
2111
3102
1811
649
307
981
1569
3114
2767
3126
1822
51
2808
1307
612
697
1654
3062
2253
1673
133
499
2899
647
2927
2537
1522
873
2231
820
808
1127
2030
2620
3099
2337
1708
2775
2236
2582
2686
2165
2633
387
257
1352
1084
18
1200
1444
3014
2655
1944
2698
1409
2978
2021
2931
636
2359
1859
1445
271
674
850
1477
1118
665
1038
139
32
1831
2304
2666
2218
2561
803
1410
687
110
2854
486
873
2905
3184
2282
2669
97
106
90
2456
1965
1535
835
2639
492
2312
542
1157
135
2003
1190
74
2414
1963
399
3082
2766
1809
554
984
2771
1040
1857
2461
1010
2246
22
2429
2352
113
1671
1102
2970
2506
1848
1570
1603
497
834
3061
607
131
3135
3021
2094
319
2889
2968
236
228
737
1114
2591
701
360
1708
2947
383
922
2085
1818
2593
1294
2895
1884
1250
1250
1595
1747
2085
1441
462
323
2683
268
2418
3002
1264
278
1345
2815
2337
2459
2191
3038
927
684
2770
1310
1606
2962
1235
2307
1042
915
2298
399
273
678
253
465
226
715
788
2909
984
1313
804
2248
1591
2149
3170
713
2716
2146
1858
428
937
1414
3060
651
2483
1080
2958
1632
1995
2041
2031
2268
827
2285
840
1053
3000
1629
2070
2091
2942
981
2447
2641
1237
2402
1461
738
2656
105
2488
378
1519
2333
1029
2109
198
2094
527
301
921
2558
676
3070
2950
1517
2230
843
3146
1085
2934
980
173
2166
406
1411
2676
1868
256
2117
80
2745
602
2921
1863
1632
1815
169
511
2342
470
2754
3008
1146
2609
850
770
2947
1693
2023
817
1413
3004
2313
1686
1517
1831
1147
1492
2087
49
1572
2939
652
1278
1588
391
3094
1757
2224
328
334
3086
1443
2802
587
2294
358
319
772
2381
2459
2185
2170
1557
1979
1795
173
3126
72
367
3176
2967
92
1935
1030
1680
433
2231
1544
2657
667
3200
2528
2110
2787
1223
2511
3145
1542
69
2312
786
361
2589
450
2340
2491
623
2252
2564
991
320
423
2405
362
2775
2192
795
1792
521
1559
566
1828
2195
2676
1400
203
1973
1331
1745
149
1750
639
510
2446
1089
958
1723
3035
1317
2394
2133
2959
924
1323
106
484
300
2223
2276
2143
567
2842
756
2762
411
263
2965
491
2916
2818
640
1451
1564
2472
2005
2653
1537
1835
580
2854
2336
2713
705
45
2143
2133
1851
550
1141
913
800
3031
1862
2878
685
380
3142
1758
871
2843
1361
2833
2402
2925
2091
1192
470
1735
1134
1051
1375
1577
1871
187
1622
2122
2321
258
2672
247
2493
258
1385
2463
3136
2071
950
3063
614
1822
799
82
2762
3201
1114
2960
2500
1584
1481
419
742
963
1996
721
1150
1725
2843
256
90
2300
1826
691
665
3211
3154
587
174
889
1757
788
818
2556
2192
1688
649
91
1433
3149
2998
2914
353
525
1984
456
2568
3135
288
2196
1498
379
1282
109
1070
1947
1428
2331
641
1602
1327
506
498
2146
3062
2690
619
1819
889
159
1753
672
3074
214
2519
1843
670
1873
3085
959
854
1369
2660
243
2800
515
298
1013
2846
939
2616
958
1445
1221
1211
2615
696
3152
1219
1585
1419
2972
364
1278
3186
991
1228
1964
971
2421
1030
1825
575
475
176
160
2312
474
2496
1943
1413
1897
1008
966
3118
327
366
1921
1586
1585
1614
3005
2664
85
2390
743
1076
1726
814
2047
932
1844
1980
2829
2319
2156
1096
2738
737
377
1466
2150
381
581
1223
1606
2230
1589
1635
602
1281
34
1714
2053
119
890
2796
2518
723
395
1350
1655
346
1437
2591
772
378
472
295
2437
2172
3083
1373
2553
449
2596
2267
787
2293
687
2711
359
721
1210
2412
2162
207
100
1465
930
1817
923
692
2163
2360
68
2935
846
1863
1337
68
820
1205
2763
1480
2977
2145
532
549
2545
1219
45
1011
47
1255
1531
2210
1463
1631
1782
500
1556
2705
1193
504
1851
2583
1547
2697
1231
2884
872
158
2197
421
1639
1959
673
278
2508
3
1498
2553
1014
2867
1915
652
3184
1485
391
1752
1986
1947
1242
1286
558
1200
654
212
2004
3208
3097
2877
1473
2079
83
1219
2145
756
1498
1438
759
1103
776
3095
755
798
533
725
2284
2246
2477
1055
978
1826
448
1536
3027
2424
3071
1816
524
2953
1478
1998
3139
2883
2
176
424
1500
1614
2505
2603
497
2386
1466
1295
1026
298
364
57
882
2741
2357
2708
3189
2000
627
2399
1856
551
2923
2916
136
3028
947
3020
3031
1123
229
1316
2737
2735
2027
19
13
1600
2637
2361
1898
3001
2418
2780
635
2882
2273
609
1667
1008
1115
309
1559
2146
1332
1695
1959
2280
2822
3097
188
3052
2521
1033
679
2655
2374
2014
1040
1796
1160
2938
2905
1685
610
325
1352
2883
2256
3019
1998
157
1435
342
410
875
145
476
3155
2967
359
1450
911
987
590
1590
427
2965
1711
1467
2868
2871
2512
665
1341
3122
990
800
897
32
605
2896
1511
147
1345
28
1022
1490
1826
2284
2565
292
1842
261
1279
2432
3174
1706
289
1670
1280
3158
2649
577
1930
775
484
2921
1576
2704
1060
288
2385
678
1757
515
706
887
113
2532
3171
2678
2825
1798
1046
2211
2338
1005
703
2627
783
1983
677
217
668
2608
2314
2474
421
1997
1963
1481
2285
1133
2159
2150
2971
972
3037
1191
1611
1100
654
2543
1006
3022
1540
129
813
2243
2756
2918
2333
1541
3135
3001
934
341
2261
1355
2339
2331
2836
2731
1572
3102
1666
1328
2181
1488
626
577
696
1280
3121
1702
2409
1446
1831
1329
1796
2694
1032
914
1020
2274
2023
61
2616
2391
1416
3062
1507
2359
2578
3079
353
1030
2514
2534
625
3140
3112
1321
2527
3018
1130
1722
2571
1068
3051
1152
548
2191
2066
2890
1250
2196
2952
1973
1372
2475
1820
987
1620
1184
851
80
321
1473
2615
946
1398
2512
375
2033
422
1505
540
1100
681
1698
2252
2551
674
2425
2226
32
1407
70
2005
2779
2546
611
551
2273
3117
2725
2353
223
983
1753
1169
488
2372
2866
2521
901
2479
3061
2001
3160
2867
1038
2496
326
1571
2829
358
2978
2900
471
649
2231
2404
2523
2611
2306
140
1749
2529
1123
1610
1805
2933
2089
1457
2240
2991
721
193
1777
1988
3060
923
1269
1494
2494
883
3174
364
1890
1752
1013
2228
941
1643
1624
32
1783
1481
2561
1013
3091
1152
732
1965
716
1079
3063
2759
1272
2948
1532
2440
1978
908
2041
1257
3113
107
2943
1789
1860
2063
802
2801
492
534
2834
382
2015
287
2718
3213
1439
1557
70
262
2636
3134
3021
2015
974
2660
2562
2952
353
2710
2316
1574
2818
2044
148
1463
2214
2272
2371
813
2806
1990
1196
2928
2278
2021
2926
1824
363
1104
194
1106
2345
0
3121
104
2661
576
3056
1121
71
264
2695
2889
415
950
2459
2629
8
1616
228
921
1713
2746
635
2098
1552
1668
2030
22
2772
2224
1128
9
331
1034
113
2992
2932
1276
2221
3004
2862
1701
2678
62
2652
30
2692
767
1646
1027
1688
1466
1880
2323
350
1539
2099
2380
1561
2978
2711
2689
2988
3042
1830
1208
927
1548
592
3148
2659
239
1634
2122
1624
2393
2152
1101
3160
1905
235
1634
157
2115
2064
1829
439
2270
2316
107
2034
1812
2796
3129
2961
2733
2444
673
2388
3036
606
1832
1383
348
2062
3007
848
2321
2215
794
2334
2450
535
2491
2672
706
2427
1218
2977
1528
1325
3118
1447
906
3032
1193
1746
368
3189
920
190
1902
859
2895
357
2921
2687
1206
2028
3009
107
1147
351
642
1745
3023
2670
2279
1026
2432
1914
2351
2335
1468
1364
259
768
1217
628
742
244
2140
2645
1104
1820
3002
2132
2614
2315
2267
2408
2422
1521
2759
1171
1373
2567
627
437
1700
3059
2351
2158
287
604
307
546
1373
2846
2496
222
3091
1421
974
980
1348
2084
3112
747
1184
2165
1262
392
471
806
1563
3167
1480
297
389
3180
142
848
230
1751
2774
537
404
932
1491
2901
2477
1367
2429
236
2347
1885
2320
351
2632
290
623
680
2004
2417
2808
1674
2369
1074
1972
865
2361
221
1713
2592
1972
1273
1236
483
312
2727
1491
2789
2201
706
1133
1333
2591
238
3007
115
1850
415
2117
639
939
1711
421
93
892
500
959
1360
721
2672
2059
800
2052
1403
2605
2365
915
882
46
3117
1588
1179
2557
2286
2740
456
508
1375
872
2626
122
3133
2444
1865
12
121
2365
2293
2803
1193
3072
1648
100
1910
3051
2705
2382
2073
372
535
82
67
3037
747
460
2562
1203
969
2044
2075
1702
273
1994
931
245
113
2374
2610
2406
1962
1910
370
395
2010
387
1553
1501
2769
412
1873
1412
494
48
1234
1241
508
1903
2445
1477
732
2627
3179
2328
2728
2217
2573
948
1376
76
1461
124
1986
1832
1841
782
2219
180
2283
3096
1914
2263
1293
2408
2311
2527
1757
2820
1215
2309
2404
54
3043
476
2382
2557
2693
3063
1612
2177
3139
3074
408
1910
1691
2249
2692
2017
536
3082
1898
2450
2131
3191
2966
2549
2503
2830
261
1825
1924
2666
1880
3074
1249
1047
2416
2049
895
2136
1011
2141
1995
1419
837
1793
1776
1636
595
419
2826
2494
977
1742
2470
728
2398
3081
1665
2660
1691
374
2111
356
1555
145
2726
2079
301
1728
1000
1313
1977
2995
839
2814
1573
2615
2557
2168
1142
2168
2769
2119
2017
2025
954
1201
3213
2619
646
3011
1100
864
1475
2655
2331
2308
1519
2632
821
2519
730
905
406
1570
504
1979
2292
1169
2255
1541
122
1809
445
247
1941
1399
1448
1939
2125
201
3058
10
1065
1318
2666
181
411
2292
920
2554
1597
1651
245
2003
1328
2071
2090
1727
1347
1130
1376
2792
1046
1821
3039
2988
1328
2594
3034
238
2795
2877
249
645
2302
1022
2148
2713
1421
1175
160
3018
933
1727
3129
2261
583
2004
2096
1931
1241
257
1508
2287
185
2654
167
1513
2033
3202
3074
1613
971
1430
365
59
2452
620
879
658
1795
1039
1784
2729
2766
3020
3097
1457
3131
85
1495
1157
1664
3003
1551
1850
549
1719
1470
2582
3028
1329
2302
784
2759
2667
2165
103
1394
3045
2084
3189
2191
653
810
3065
1780
2015
1307
1696
2100
2802
960
550
697
2511
507
1246
2337
1977
613
2150
92
2915
2935
958
474
1885
1062
1868
3037
1253
3164
2014
13
2082
1864
1793
882
3171
274
2982
865
1234
1639
2884
1852
2146
915
975
2231
2850
3125
430
657
952
1388
2453
2838
557
2428
767
1810
2377
2781
1823
1244
2752
401
233
815
1997
1
1680
1338
2962
1349
3191
1
371
2273
2232
1328
290
2662
1985
1243
2157
2545
2188
822
1758
2955
2632
921
629
2563
272
166
1071
506
982
1176
1829
769
2514
2898
226
597
2899
597
2870
23
33
3161
792
125
2511
2950
2671
1484
557
1214
1224
1296
242
3175
644
515
127
3038
2343
1109
999
2279
1878
298
1962
211
2218
2969
809
3195
2992
842
1248
570
967
544
1627
1745
135
291
2960
2682
1587
3202
2642
339
1824
2769
162
2274
1985
2483
1338
1971
2781
1408
2182
3106
2484
2991
1194
2261
1940
2442
938
1015
1094
2565
2760
1229
2856
612
696
2551
600
124
2890
531
1000
1159
2806
2986
427
2251
1742
1315
444
709
1207
2928
1808
2401
82
1855
2950
2342
977
829
3015
1845
166
2656
2457
2184
99
1164
2308
1096
1696
1416
2255
1287
2509
789
323
1036
2105
2090
3067
1419
3125
2982
1927
3207
2945
1662
442
707
599
242
2552
765
1005
1795
2949
1105
1066
150
2201
2762
2888
2564
834
2182
138
2480
1325
2243
1355
2499
447
1265
2267
481
2580
1997
2144
3022
811
850
1371
149
2937
2376
51
2671
266
1117
928
575
1987
601
3139
2821
890
62
193
2215
413
1548
1500
860
921
1874
2664
1608
656
2915
1415
2789
550
2786
1045
272
54
2418
1050
321
1643
86
896
415
2009
2142
1343
2900
2204
1537
1900
2617
1192
1507
1585
2113
166
1034
506
2144
2056
28
1719
2606
921
2764
985
976
1968
2035
2619
396
228
1622
2133
2238
549
261
1923
860
3120
608
1585
1098
2116
3170
1318
389
2311
1825
2534
1152
3175
1038
1865
2204
1909
2850
3180
1984
2992
2584
487
6
2313
2620
2244
2862
2882
952
1829
2787
2882
199
1992
3105
1476
96
280
572
28
2814
3046
3203
1959
1696
299
653
2653
264
2638
2431
955
1232
544
53
638
2788
1022
1627
525
2852
2521
1514
3051
1299
1405
1313
1395
1685
3207
2745
2606
1146
840
1350
949
1140
110
388
2726
2748
926
467
2088
1470
1842
2726
2365
972
2460
2890
1931
1766
2511
1767
1172
701
1187
674
493
2502
204
3099
433
1045
2556
1382
2185
2667
3092
1696
307
803
270
2395
380
220
1906
2745
1192
1151
527
3123
1025
3039
2997
2197
1847
2292
2872
448
1579
3076
332
119
2228
2889
2823
2520
2341
2701
1002
755
1611
2594
3151
99
2814
3164
2844
2113
2423
1479
128
233
2625
1233
537
1257
310
194
1705
3211
1378
145
115
391
1141
2938
2912
1589
531
2021
2344
2143
2722
2280
2242
429
2230
3193
2542
2760
1457
778
2993
867
2011
315
232
2321
1832
44
424
3210
189
539
1708
2652
1584
2727
1026
2116
1533
1478
1044
2363
543
1393
2792
880
2693
226
425
936
1004
1525
3125
1122
3163
1464
1550
1780
1509
1974
1775
3020
2513
1590
2458
883
1103
1591
2999
743
3069
2150
3106
1720
1650
790
707
1128
1017
2455
2064
2021
765
82
1251
2035
1546
2801
600
1162
1561
482
968
859
2073
1533
3064
1283
1231
955
2026
2408
3105
25
2235
2862
2137
2942
776
3154
289
947
68
2377
1029
1319
1197
683
905
1798
1845
2466
2280
920
1433
2460
2453
1282
528
1792
345
662
985
1557
2009
5
1205
931
1054
1981
2193
1344
2928
2261
506
2065
1687
1703
2748
2592
286
2700
3166
674
406
1384
3134
966
773
1770
2758
2440
2432
1850
783
2548
1855
1988
264
1017
2076
564
2361
3111
2825
2867
1961
2619
2677
2816
1997
2964
2302
55
1745
2708
2761
1664
1781
1641
1541
2647
867
2080
1282
1650
1413
1245
1745
3000
2262
1928
349
1408
1824
1282
2382
1893
686
1844
1494
790
2915
1903
845
1445
2718
391
1217
1285
2033
2758
717
1007
2946
1999
764
1144
1351
616
929
398
2544
2601
3128
1153
668
2295
3046
2676
2247
2648
252
54
1336
1097
2822
840
2811
2146
232
2951
3011
949
743
2742
1055
2829
672
2407
230
2923
2805
2774
2309
826
2034
1084
1228
3188
546
260
2621
2120
1637
2064
2
1244
1011
920
1497
1243
1978
1293
299
828
821
1355
442
2815
1869
672
2523
2781
1553
2940
392
373
2131
1621
346
784
3203
1074
2904
1625
1245
1014
976
2257
1934
2473
285
2020
552
585
2848
2695
47
76
2295
1916
748
2925
1482
409
2650
1875
782
2889
1603
2450
458
1591
1631
148
1324
2876
2484
2300
1918
2525
1559
311
1330
218
2218
964
2913
372
1040
1993
395
3110
1703
1877
304
2461
1859
2408
2135
1569
1643
700
3161
59
2170
1270
1043
1439
1677
1068
750
21
1379
187
1561
1704
1151
1259
2076
298
1359
2471
194
3063
2456
1820
416
2422
2336
658
777
764
1358
2045
2146
1636
100
1296
1182
1777
2364
1932
3121
1851
227
1467
340
1378
834
524
1677
2193
1102
3193
2041
343
3120
564
873
2241
1222
1650
1113
688
480
1366
2324
1902
2662
291
1786
1811
331
3014
447
558
1267
2110
43
208
2634
3042
2401
521
1127
2550
2187
1033
3114
3060
1381
2444
2817
2494
3132
82
645
348
91
1414
1961
1877
11
399
1677
1780
2279
1051
675
2323
1259
94
257
1767
616
1385
1102
910
525
2324
755
1906
1553
357
2508
2792
1761
1260
1247
1852
2675
3208
1836
793
1715
1620
2573
779
778
34
1209
144
128
2789
1912
2066
959
3014
2976
2806
2123
1838
1497
1783
2195
2112
1360
2063
158
2607
700
940
708
644
1733
2423
2264
1091
1309
3043
1125
626
3187
2576
200
3206
1427
1159
3006
2511
2072
21
1134
1676
1805
1437
574
1272
285
2054
1987
2308
1101
2695
2952
2834
10
108
2032
1319
3151
3158
1945
1231
626
252
1222
2053
1411
2335
1349
1590
2357
591
52
2269
2028
626
1648
2313
787
420
2728
1888
1222
2465
2829
1232
2574
1646
659
617
2911
711
3170
322
964
2500
483
482
1620
3154
2073
2084
530
2125
2460
665
858
894
2979
1645
2636
599
1640
644
3065
1254
3198
531
2900
642
2470
704
1354
2426
1026
425
3033
1509
907
1438
1449
1087
1630
86
3212
2197
752
2177
3091
1838
607
620
2437
354
1264
394
1608
1247
925
2616
3212
1503
105
1351
2036
1131
3098
1854
748
790
1399
304
1878
3029
390
3197
2012
2464
2160
3210
1087
874
615
1632
1229
3201
2026
944
1234
2952
1667
1231
2562
1772
689
1383
1011
1894
22
3081
2684
2743
170
2669
2558
1882
759
2677
2454
2919
779
326
1900
2717
1958
1236
2703
2092
288
2044
3151
1955
1382
2498
1835
178
666
2846
2072
2010
819
2864
1538
2311
425
2203
2300
1184
2987
1539
2210
552
3188
896
54
38
239
864
2130
527
2909
2066
2483
2398
1349
1103
2577
122
2056
1434
2132
982
2405
1778
78
2831
766
2378
800
1861
703
3011
2413
1998
2014
574
2036
2253
2760
952
2781
561
3018
156
2960
2475
2581
2322
2597
2744
1863
2837
511
1054
1400
589
670
273
1074
2792
2134
3099
2588
2654
1882
2709
1335
704
1748
881
1656
2636
1442
2781
2792
1187
2041
265
1616
2746
3009
265
2368
305
2641
1875
2216
96
255
75
2888
497
3175
369
3151
1842
3078
2594
2546
2933
1582
2309
461
3024
1876
38
2319
2024
1625
2042
2877
1419
414
137
3046
3055
119
2047
3151
375
2123
932
872
2083
2623
2130
710
2486
2831
1364
312
1198
458
773
1008
441
2134
1434
573
544
261
235
71
676
373
3117
1838
492
1950
3097
2189
858
814
1168
1048
222
1406
3080
815
1022
1229
2449
2221
3010
8
1336
1558
2142
877
238
793
1138
474
864
3136
2169
767
3082
768
2717
2964
1065
1682
1885
2233
2730
214
424
702
1029
1447
1932
264
1775
3049
1594
3111
2714
521
773
2953
2636
18
212
286
1262
488
2375
2451
1256
3199
2200
2321
1666
870
2662
2503
1084
3086
3205
220
2640
29
1806
2522
1185
185
2418
685
2028
1298
423
1450
2639
1957
3058
2008
2445
2218
1244
1808
2202
229
2237
1975
2421
1684
2585
290
2877
682
1832
410
2034
424
2932
4
1931
243
689
2067
2863
2434
302
2287
1176
1467
2402
406
470
431
322
779
1982
2559
861
1188
2350
231
2800
119
913
1418
529
1054
3164
247
1059
1880
1812
3070
732
1460
2290
2356
1855
1573
608
1042
87
2400
1474
409
1286
241
1075
2147
2752
1532
485
2337
1651
1399
1862
2181
560
1811
535
1619
1799
2347
2797
638
592
1872
1102
2447
1552
3032
275
1639
2218
3071
155
1611
1419
1230
544
956
2762
1029
1401
1199
535
1370
1487
1096
1289
2022
822
1195
2476
404
1833
3068
383
2935
408
1936
860
2005
1682
1185
3183
1838
2796
1387
1175
1447
451
2045
2477
3174
1351
1119
1329
2838
322
2618
1645
1145
598
906
2871
539
2081
1362
1581
596
1405
2441
2601
3087
411
676
3032
1315
2064
993
2762
622
3038
131
581
1174
2573
17
2119
2895
743
1871
2147
2663
2777
1804
3202
2965
1273
2891
1669
2678
224
1055
2550
636
3054
2368
58
1903
1468
2820
632
1291
1059
2535
572
417
2552
2691
97
1402
1347
2245
851
2231
2156
2160
88
214
1836
1757
2892
2061
920
334
804
759
809
2184
769
2277
1789
1401
353
2848
2043
2247
50
2702
1723
1470
890
1177
1822
1741
193
2085
686
282
406
630
146
83
798
1066
1739
2924
1825
2549
1893
701
1611
467
209
72
1423
2252
2319
2795
1740
2150
2372
2630
112
979
2478
1628
3064
1271
1910
255
1901
163
1660
2699
1230
185
2408
1162
841
2408
1864
2452
2876
2073
2524
2406
2433
2951
93
958
1886
2466
1695
1998
230
958
411
1402
2229
428
2979
916
592
2747
1722
3144
2932
2238
2413
1880
1431
1062
1117
2414
1243
1749
2927
461
1485
3021
2741
156
2272
1221
261
609
2179
1995
2011
2515
2423
3098
1538
1122
2630
1368
2373
454
391
1572
2334
3144
741
1558
451
91
92
163
552
2899
3184
1400
1162
348
728
1424
958
2907
204
1076
315
734
959
1853
3179
374
6
444
828
1719
2016
1269
2971
2758
2828
207
2849
2920
1692
1509
712
1662
1016
1874
117
1745
83
1075
2759
1609
2152
3074
451
1218
3035
415
2915
3041
859
1850
2868
983
3120
2624
1848
2733
938
2804
545
2630
2420
1257
1077
222
3132
1195
74
1322
377
2833
1039
636
2693
1490
1855
2513
12
1555
446
2193
190
99
3176
1417
830
3131
935
1768
2721
2803
1184
1926
2167
368
255
191
2885
329
2836
48
3163
660
2006
748
2150
646
1368
269
308
3136
2462
499
1343
531
1916
2173
447
959
2049
1275
1869
18
1309
821
1708
1564
2335
1379
1
1956
2749
1271
2616
1540
2019
2873
294
1494
3142
602
2737
496
2423
865
2349
2447
3039
2797
1513
1873
2179
167
3213
273
2310
1706
3160
1430
1192
1268
171
726
2539
894
374
2665
552
668
944
1801
2592
466
2298
3123
2654
1432
2355
585
2336
1975
565
2623
249
563
1003
2559
376
948
2097
1569
2216
375
402
2862
1270
776
2312
3144
2766
1363
1731
251
3152
2136
159
2591
1675
621
3176
2119
2596
526
1527
952
2411
2530
296
2787
1586
500
2463
1909
876
2866
1557
2146
1749
1976
182
2623
125
1913
2874
62
2156
3033
760
1939
1761
721
843
2464
2569
2370
201
1765
3007
497
2659
2700
998
1908
1395
1874
2881
1059
2127
1415
3035
2309
823
1267
2330
1804
1329
2593
1622
196
1317
1490
917
267
739
1593
744
940
1465
537
1438
910
22
543
925
2739
524
1913
583
758
113
404
1174
2259
1671
1611
2170
1108
2312
578
1304
414
175
329
682
915
29
2748
1855
1495
70
1400
512
1415
50
1437
939
574
135
2845
2654
1570
1356
614
1936
3027
332
892
2242
2644
2792
1654
1166
2967
90
3170
667
119
2703
630
2936
881
2030
233
2296
2081
2992
1342
762
1234
972
202
912
2328
2138
955
248
577
3169
597
7
2746
358
1173
606
448
1128
2595
1890
616
1332
1611
2819
148
3167
1900
336
1051
28
2420
2286
2322
729
1305
2758
2867
2260
3006
1552
2215
388
1559
3068
747
839
1781
2517
1967
2484
2514
690
601
2233
295
2071
2185
302
2407
1343
1652
1613
1736
2082
2342
3041
1625
102
194
1416
1654
516
3126
1320
1691
1980
2159
258
1283
2233
2742
1904
1030
1450
922
2647
307
3107
1057
2714
2558
2709
2434
1079
1576
2884
2228
3201
2986
2422
2724
2747
2938
2636
852
2736
2723
1118
2994
2113
1458
628
803
2488
2079
1725
1921
2386
2940
2978
3207
2283
579
2427
147
263
2096
2375
249
3189
2904
2974
2721
734
502
1680
256
10
905
1357
2124
2363
1986
2927
1636
2172
2759
1664
2665
2484
2749
2657
1552
1436
3191
3022
1699
179
289
55
153
3194
3029
981
2035
1638
768
398
2971
1673
1756
3202
821
1849
1021
565
2128
565
336
1578
3050
1193
2342
2709
2629
426
2516
1113
605
2806
1168
2081
892
2305
1169
2927
2050
1938
111
1806
1718
3189
1793
647
1823
921
2534
736
1487
2870
421
1322
848
870
2138
262
1296
1440
2697
1902
2353
651
2090
30
1063
44
1064
3113
1982
2497
1705
1808
578
1605
2455
508
2527
1774
1244
2121
1429
2987
1550
385
643
473
1969
1939
1913
1452
1948
2373
210
823
510
1273
2190
1575
1171
957
2179
983
872
2758
2589
112
51
8
3208
2618
2129
1423
497
464
3130
1140
2259
1884
1187
2280
121
1242
1438
331
173
1949
2926
2363
1631
883
1427
1917
1866
2300
2782
2562
519
941
677
513
344
913
43
2163
2699
3173
1411
1744
3164
705
809
1393
1947
2247
3046
2120
2303
2758
2590
719
426
803
2637
399
1210
2204
1069
1729
3145
1746
2242
1596
2660
2285
1867
2144
2243
63
673
2193
768
2804
371
822
1837
202
1050
2247
1067
425
2967
1493
1228
496
0
2438
2700
1069
2275
738
2815
1302
2334
367
373
986
2512
723
2371
1292
2916
3139
882
1394
2069
826
2919
3119
3073
2093
329
932
372
2880
1428
1694
210
2236
2763
2485
2974
470
573
200
838
2268
2509
1457
2991
1665
856
800
2912
3060
301
1766
671
1327
2992
1852
206
106
891
1900
1093
2320
379
2626
2663
1249
3
2422
1719
576
2622
664
951
23
228
728
1689
1085
2850
2708
930
3151
1259
2924
1264
2358
2883
1470
571
559
155
1665
986
1856
2398
434
3105
2401
963
2931
1085
1693
381
2036
1716
609
871
1512
1694
506
1005
732
443
371
441
1707
2729
109
1284
86
1990
2761
3073
1084
1402
2256
1518
1292
1442
589
1008
2527
2282
2711
2671
2105
1428
327
403
1229
834
2730
1961
1277
3102
509
1091
723
618
482
809
716
28
667
1800
2752
1030
1425
829
2473
121
3159
3107
2403
763
2563
2616
2191
2891
3019
205
1832
2534
2167
1216
528
2676
2307
1252
1402
896
2061
225
924
836
2025
461
1866
1557
2612
2446
1679
663
2339
2189
1426
1687
1590
402
2685
1394
608
2624
2036
882
625
2564
1665
2932
1923
3067
1935
770
77
2859
2928
209
1427
1579
1767
824
2133
1553
2810
1257
527
1021
1051
2118
2746
1844
1619
139
1253
1762
2343
1879
1112
793
2918
3035
646
1639
1912
2045
2605
1625
2255
818
1312
2129
2964
230
1789
2559
2809
2316
1688
645
2541
1219
2489
946
2680
1850
2708
1808
514
1927
2601
217
3070
1354
3178
1767
1507
2569
1500
547
172
919
783
1243
2471
2572
588
2065
2995
2276
2710
2322
1602
92
53
1067
1942
868
2875
563
2796
368
2102
2651
1723
2066
2525
15
1420
2132
1884
1592
3051
774
2835
2307
1453
1530
1157
1233
1913
1975
340
300
174
1715
1367
223
2584
1027
786
272
1396
2888
1030
1226
1739
340
2563
1266
2473
1232
2858
416
2006
586
2724
244
2116
1988
2799
2137
748
3140
2437
2244
1640
590
2467
2331
2939
1360
2603
2442
1034
418
1775
880
2081
1123
2147
2661
2355
3112
3077
2468
1805
693
819
707
2682
404
951
1537
1651
173
567
1398
2085
1141
1837
3132
2502
2547
466
1643
1073
2242
630
3154
150
2777
2600
613
782
569
1188
2587
1263
115
1401
730
1841
2352
2267
1599
2526
941
2997
2718
2083
2941
2635
1370
2274
3102
1120
132
236
1750
71
1708
1313
778
2321
202
2669
1617
2789
717
1732
976
2769
1680
1435
3144
64
746
870
3061
1572
1060
2788
2314
537
3169
2201
1657
86
544
193
1479
2253
2828
364
2681
3030
3033
1083
2604
1858
922
1687
1412
2602
3123
1341
2666
1976
319
620
333
2701
1515
2648
24
1469
2956
1681
1555
286
1874
3034
646
2809
1505
112
2624
1323
1196
2014
3181
2118
1808
2701
1506
1716
2149
2279
1800
575
2899
2133
62
2521
2888
86
775
2630
3089
437
1023
3071
256
1669
2665
3083
1781
2075
1192
1084
2196
2480
3203
2111
1966
2816
613
901
3202
520
1476
994
2653
1538
300
434
2946
1076
3064
928
1513
2194
784
3092
1970
1556
2960
536
1738
2259
2943
2041
1525
1038
938
276
639
2873
1177
1948
178
2654
2942
938
2299
28
1372
138
1104
2543
1066
724
1522
3172
601
277
1513
1669
2136
1359
713
3186
185
2238
1009
1123
2515
1648
2103
1799
1703
388
2560
1431
1327
1645
1459
2699
3105
670
2028
956
1394
1657
913
103
42
533
1772
285
1892
592
256
185
2831
1265
2630
238
1020
1519
2037
2723
1907
1383
939
19
1135
505
826
2347
1175
2854
88
677
2618
2323
780
2660
963
659
2945
2856
1251
3201
3041
867
1251
2456
2427
2271
2082
1250
3102
775
740
826
2116
3197
1332
2942
2329
614
688
2417
1291
92
2847
2071
859
595
2730
590
1558
2089
1898
2706
1063
3150
55
276
313
2137
1526
1522
1019
373
2349
1243
355
1788
2292
2684
2402
2981
3208
1801
1180
2840
657
2039
1542
1495
736
3101
1691
2635
699
2754
677
754
3030
2312
2892
2663
620
2018
3036
1076
46
176
2864
2339
967
158
212
960
1959
1392
1907
724
1538
1557
326
2275
2765
2017
3017
249
1556
479
1004
1372
2791
2003
2142
196
2128
1964
2594
2175
247
2243
2621
1215
509
2833
282
575
2332
297
1299
655
3176
2947
1037
2726
1749
839
1082
1413
1318
193
2785
2217
303
3034
520
2432
1783
3115
1392
138
250
798
2675
759
1738
2957
2657
855
1361
2063
1510
2644
1796
2548
2155
1652
1494
1345
3065
920
1538
2635
3137
1842
2455
442
1059
2345
1664
558
2483
1915
2678
1943
781
1201
3008
1545
2056
2476
394
1673
1906
2190
1006
2168
627
608
298
1800
1528
3159
1220
1450
1786
1782
3214
952
2235
2986
1510
1503
1686
2295
1554
574
281
2669
2120
2337
1930
621
795
1943
918
3124
897
2867
517
2517
1452
152
568
780
1602
2354
669
2923
1413
2904
2694
1030
2515
2487
110
2176
1169
391
1630
1396
835
1667
2017
2953
396
2935
969
2615
2587
2808
24
2147
2960
593
2927
2669
2947
381
484
2468
1393
3179
283
693
558
394
2869
1727
2107
2606
3123
1050
1058
32
2110
1454
2967
3079
854
447
2672
879
701
524
1472
413
3193
2526
2116
462
1779
294
1748
170
987
2307
1886
1963
2141
2100
1354
2050
3150
2413
189
2045
1974
3157
16
2829
1711
795
1815
2412
1319
1394
932
2619
2027
3048
3082
592
1450
2937
2084
2437
2029
755
2508
2278
2855
647
1113
898
1167
1302
1050
3142
2566
1067
863
2384
3184
2678
2903
1289
2179
1942
693
991
3098
1882
2905
1333
1605
1774
555
1741
636
1170
804
1599
1818
24
604
1092
2649
1654
1019
107
828
3204
599
798
774
1609
194
2953
337
2209
730
220
877
1742
1553
589
1624
215
437
2260
1386
2564
1966
1311
695
2570
2403
1451
1010
1530
1559
3160
1519
265
2065
2294
1874
366
139
2211
2576
869
538
1560
719
2091
256
2343
2307
693
2710
1800
1364
1462
3111
2060
817
406
296
3149
43
3177
3095
2885
227
52
1964
2102
419
210
2420
2995
2402
2959
1340
3121
3157
2918
2249
356
396
1744
2156
1761
3206
159
1928
2131
566
2224
2065
1931
294
52
1601
521
105
1672
730
1846
1883
1258
2948
1070
2324
2395
976
2266
2098
1332
730
601
1183
2886
2362
1175
3046
2397
1413
1719
2729
263
435
3023
1638
144
1651
3065
1816
489
1696
484
3069
1429
1554
2178
609
637
2551
814
1969
66
1415
3153
2953
1885
2435
891
1067
633
717
581
2218
2474
1711
641
2618
1470
491
1220
1959
294
3026
1813
3045
2688
2098
1761
110
1434
2575
187
1501
776
125
2561
2661
667
1559
1835
2622
383
524
1625
2857
2235
2267
368
490
865
2910
556
2482
2721
476
2312
2194
2574
859
412
2116
219
599
1724
2317
2046
2392
3085
2713
736
1706
2120
2441
2230
1852
2083
2572
2226
558
3063
3092
253
1726
466
1082
2203
2778
1383
2884
422
1795
1785
1964
501
294
2388
2547
2686
2259
152
1529
750
379
755
1087
2232
946
444
1243
1504
1614
2442
3080
126
2908
947
436
579
437
105
2323
2233
1891
1072
2734
2185
1568
174
2979
612
326
1293
2684
2028
156
556
1045
1102
1000
395
713
2615
945
1900
848
638
2847
1284
1217
1392
1389
326
410
65
2720
1251
358
2395
2747
122
3007
1181
2737
2476
3209
2893
1139
1039
2102
2140
2756
2816
2862
486
2823
495
2447
563
1779
449
1955
1275
2097
2365
1341
2925
1723
3021
2105
1256
1250
5
2437
772
588
2431
1773
1728
1577
1982
1975
1118
2905
1622
2927
2514
224
2159
3077
110
715
1817
1385
920
2289
833
630
797
639
842
160
1889
847
2597
769
1436
3135
649
1271
2819
2631
31
2045
2322
1653
1757
1621
3199
2023
1483
94
2738
85
1479
443
481
420
1073
1278
1059
23
2761
1056
2192
250
3147
413
171
581
1684
1097
3212
3037
3142
2319
1475
3006
2047
2781
1814
315
2875
2660
1722
2462
3103
2203
2882
2284
1589
2048
2307
1135
3104
1284
1385
3036
3020
2878
1724
2811
2083
1722
2634
2010
2148
2216
3124
981
1783
3045
2618
2765
2490
1126
119
2379
1436
1108
2770
3025
3157
1862
2267
1153
1253
1760
2297
1058
1423
806
1977
291
635
1396
409
2784
397
1640
1872
287
2792
1275
1160
2068
508
1279
2554
1945
2388
2109
3077
437
2078
237
2912
116
1997
1994
2497
1527
908
1259
3141
1543
762
1657
1112
2481
82
1091
2769
2874
2367
714
3049
2875
100
2388
2927
595
2604
897
1032
1467
1134
730
2906
1238
831
2188
2765
1739
1554
798
68
2316
2455
2502
1582
644
379
2458
304
853
1279
1460
513
1380
1956
1548
1975
1345
552
1115
920
3008
3167
1933
1031
783
906
1903
2523
567
2702
698
2883
49
3200
2572
694
1686
1816
2320
2539
3095
565
1160
2582
2521
815
1343
1974
1367
565
1001
1160
517
2934
298
1300
1947
2201
1930
2514
3010
2628
289
3060
721
2861
1861
2407
2784
966
3054
772
1531
999
139
2160
3136
2804
919
1288
154
1920
555
1993
2961
853
79
1693
1161
116
992
2279
2745
2603
231
1573
356
2092
2087
3141
3058
1926
698
2696
1032
2159
1641
953
1749
667
348
10
694
903
2004
440
3078
190
2133
1025
306
1232
89
1158
620
320
2731
977
519
2926
2225
362
1637
1030
1165
777
3189
914
1730
3045
1581
2079
3056
2276
1089
3167
823
953
142
2957
1978
1770
974
174
2929
2917
1816
552
679
2335
263
1011
804
8
2041
76
785
122
990
622
3168
2572
808
1116
2955
1898
1068
563
958
2532
1627
1043
1087
709
1217
2123
411
1140
2676
2412
1582
1046
208
493
1054
356
569
3161
478
1560
569
431
2239
1377
2869
86
1382
722
649
2340
39
384
1490
2449
1093
2707
1357
1504
1954
818
701
321
3187
2231
814
2348
2587
2706
2295
3065
2373
2864
1604
1397
2348
1258
1483
1838
88
239
2285
1449
623
561
683
1716
53
2041
1327
115
966
2028
1758
2260
2366
680
1394
1738
171
474
1589
2544
1445
1300
2048
578
2558
1638
523
753
3199
2809
2203
608
155
993
431
1530
1141
3081
1645
2108
1
189
2475
2368
869
654
891
2362
1128
587
1691
2573
1887
1846
1259
2553
269
3104
91
253
2698
401
2183
2853
1395
722
1169
2536
588
2814
2751
589
1110
2012
2957
1979
2666
1956
2448
1902
2543
924
2582
1216
2770
1948
554
1146
1838
645
1400
1321
2369
1690
960
549
2412
236
1192
1107
1157
2051
3019
2268
848
2761
2354
1621
2824
1588
1630
2153
619
998
154
1497
1053
2030
2643
2891
782
2150
2320
3151
1948
1387
1807
1145
1623
3000
360
887
1836
164
3155
791
1032
402
519
642
1990
2150
2795
716
1255
1056
2213
415
3086
2964
1414
653
1899
519
1912
632
13
504
3100
1636
289
1567
630
232
1731
571
2345
870
2295
2865
2834
2392
3122
521
3108
2484
1577
214
2899
2770
3178
2420
1531
3184
2939
228
1924
2952
732
1809
2695
2344
1483
111
683
1321
2004
3029
2191
1084
786
3133
1583
2015
439
1476
1284
124
1690
2290
2894
1653
1496
1210
2945
2542
2760
1654
387
1600
1570
3082
729
3053
1300
2734
1159
1411
2548
1457
602
1441
1375
2185
241
3137
447
2847
46
244
1923
2940
5
204
2258
2950
853
1803
1389
1240
188
1066
2430
2239
904
515
1759
170
34
2414
1627
636
1963
1110
2822
2204
1032
1376
1837
1078
2942
1867
2125
1054
178
1168
2111
1031
1079
285
2272
1267
2673
1487
1614
362
109
1480
532
143
2001
267
2102
749
1377
3031
1061
516
2514
1005
2916
2241
2872
1826
81
1157
2995
2192
2188
859
585
2567
233
1365
2161
3169
1728
378
1434
367
521
1543
634
730
399
118
546
1460
1956
3060
572
1657
194
229
269
1597
1386
1371
1896
1682
337
588
1034
1892
1954
1303
1847
1789
1681
1388
2156
309
2931
898
1040
116
2338
2908
2898
1080
861
256
2737
1055
1807
1113
759
1301
2484
762
1090
928
1351
231
2821
1412
1534
2775
3201
0
948
249
310
1987
1147
1350
210
271
2365
1215
2673
11
2793
2195
2388
1386
1416
3147
794
2007
2017
3206
2936
1475
222
649
2887
1757
1531
980
1757
2479
2551
174
2573
484
2846
2783
2077
1997
784
2857
2008
1684
3159
1182
3070
1360
2436
1971
153
1238
1962
1196
2713
292
3167
492
2049
1483
1472
1913
2069
809
195
1428
2615
3041
2318
2799
1823
1209
2441
617
2894
2385
3121
856
1853
2342
935
113
1688
1004
1309
1186
1296
2583
1679
1452
851
1258
1473
1027
174
1668
2455
896
1494
2881
1802
1425
875
1028
149
554
1521
1377
2733
159
504
453
1594
299
1457
1010
1486
861
378
1272
2313
2551
2530
1893
363
812
346
2819
1708
3163
2485
296
2695
1467
2646
2844
129
2274
1006
2862
540
2832
1422
2134
3132
2879
3144
2725
525
307
782
946
965
1419
2839
1329
2231
1293
2255
2047
1241
2847
450
721
1099
3096
1672
1228
263
785
2197
803
402
404
1045
1641
1391
974
1151
1916
2604
40
969
354
2782
594
1683
1798
1887
