79
66
25
69
42
6
120
101
93
111
118
12
129
37
58
102
43
11
140
125
12
60
131
64
135
104
56
28
54
77
67
133
143
117
49
58
148
17
6
113
0
150
125
129
34
31
79
77
67
66
75
79
126
53
16
133
29
72
8
83
149
100
63
12
64
138
70
85
27
101
45
27
98
18
3
133
74
107
82
141
20
4
68
18
82
109
151
112
28
31
67
50
131
3
62
68
141
4
25
15
105
70
67
76
88
70
56
34
50
138
23
70
15
116
114
97
72
137
81
100
16
21
22
19
24
84
112
12
113
137
52
91
55
119
14
15
61
70
50
111
80
98
54
95
61
15
65
133
24
18
80
40
64
103
85
88
59
44
125
45
54
24
8
109
15
22
149
77
117
71
35
44
16
89
12
77
129
102
82
1
145
35
66
57
10
151
17
94
68
143
139
122
39
147
103
55
41
124
132
5
68
39
75
84
129
112
34
130
86
141
3
78
23
70
135
33
93
0
128
33
15
139
2
54
6
130
109
47
127
113
78
42
0
25
151
1
137
57
131
70
46
135
20
69
77
3
128
42
28
103
76
68
114
103
122
120
81
104
15
80
64
118
122
64
143
120
65
127
50
69
69
96
76
89
37
25
117
12
67
17
140
143
85
102
94
80
69
47
31
109
127
95
74
121
32
89
113
122
63
10
38
4
106
139
119
144
11
83
28
79
126
16
94
58
118
60
138
59
107
41
16
106
137
115
99
41
52
60
10
140
70
74
145
49
60
136
65
72
91
93
23
64
109
117
148
99
25
133
6
4
22
22
136
31
9
82
97
61
14
107
49
110
53
66
31
114
49
96
58
140
61
81
77
18
70
72
142
95
77
148
125
99
17
108
2
27
62
124
113
77
79
9
34
132
100
65
118
21
33
23
34
94
129
111
137
47
30
127
14
107
122
139
79
12
119
106
64
29
78
24
131
29
59
37
33
31
127
152
53
7
47
112
126
49
70
111
121
125
110
135
104
104
147
30
141
138
9
52
39
112
102
17
141
33
54
21
89
53
45
142
60
118
126
59
14
43
42
135
40
152
142
145
128
136
47
117
147
56
41
33
15
15
51
28
48
130
75
138
31
120
152
116
85
151
47
124
41
89
106
82
113
96
99
89
104
146
53
98
75
119
4
90
135
80
144
55
82
66
65
113
58
65
102
144
88
149
115
129
111
94
83
71
62
29
7
38
48
85
9
123
77
13
85
59
93
76
114
22
142
27
8
48
117
135
64
52
3
51
53
114
17
137
33
79
38
65
118
86
23
127
56
100
12
142
31
130
90
145
152
105
19
32
25
136
14
114
60
43
12
114
4
55
98
62
134
8
0
124
95
48
123
23
20
7
37
51
137
0
43
137
105
63
41
130
71
81
91
4
124
128
118
0
30
88
63
37
96
88
33
63
136
29
112
3
36
21
54
21
21
97
30
126
32
96
128
129
24
91
5
148
67
123
21
122
58
84
31
26
44
90
115
27
119
74
55
27
95
134
73
142
103
128
115
8
72
91
9
121
29
14
142
121
137
10
116
67
119
147
118
10
109
80
62
75
26
142
128
147
123
48
136
73
49
98
81
146
61
90
114
116
104
103
84
113
138
72
27
104
92
146
139
48
98
48
149
125
37
124
119
7
44
102
106
118
72
34
111
6
150
73
122
126
48
78
87
34
151
139
10
90
4
150
10
103
70
6
100
108
2
66
140
72
40
93
37
112
0
149
143
22
94
112
20
142
38
132
48
61
119
84
151
148
81
33
123
151
40
70
131
42
8
119
114
48
84
24
33
109
20
23
3
139
8
24
0
46
3
49
132
147
133
2
143
86
35
113
84
75
56
88
143
64
54
129
113
10
0
18
145
20
66
148
6
74
44
7
145
48
81
124
42
86
126
57
44
9
43
128
84
99
63
99
10
142
76
148
25
76
38
17
122
105
37
0
26
82
32
19
130
138
15
44
96
142
127
140
151
17
116
107
141
51
54
23
66
2
44
91
103
82
108
72
59
145
98
111
99
130
2
76
141
17
146
84
6
120
72
29
9
60
137
150
111
63
20
49
65
89
140
15
19
120
113
78
138
58
36
84
60
63
33
73
81
51
5
87
43
77
142
52
9
126
74
145
36
119
42
126
56
54
13
75
22
126
25
32
56
87
141
142
150
46
62
103
97
92
63
140
41
52
64
50
25
138
43
86
105
85
84
33
11
97
133
58
96
5
90
152
117
104
13
115
150
76
90
95
15
0
107
82
52
19
132
77
4
22
35
134
132
119
14
16
64
147
74
7
25
37
31
142
141
45
129
138
146
67
105
8
67
60
90
145
104
95
69
108
142
105
115
147
96
1
10
7
21
84
39
46
146
71
60
134
141
62
120
134
1
97
14
93
4
130
85
108
72
27
89
86
4
76
80
100
102
115
133
123
47
19
41
40
115
127
47
103
36
39
84
62
136
124
2
13
101
88
121
45
115
82
131
119
30
59
91
133
21
71
128
93
91
17
6
78
16
53
54
52
92
10
139
100
134
141
113
82
101
107
127
88
61
106
79
92
37
18
72
58
114
72
24
77
89
30
3
105
108
57
29
72
67
15
19
74
29
5
3
2
112
3
91
20
109
42
112
18
85
56
101
47
129
125
124
90
27
152
68
7
56
97
79
149
138
124
70
39
129
98
41
113
101
132
133
82
47
118
100
132
46
49
51
47
46
23
138
74
22
78
81
104
22
33
125
32
29
67
71
30
12
113
143
139
117
148
93
36
113
41
16
32
115
92
79
33
115
89
107
10
14
61
139
62
119
136
119
148
50
38
50
87
23
40
98
12
60
39
49
46
80
90
78
67
29
29
100
17
119
80
52
5
13
38
92
132
46
59
152
121
97
49
55
145
114
1
29
21
40
78
92
145
40
17
84
95
47
56
112
38
136
11
68
149
74
8
0
120
67
24
88
36
98
15
53
59
41
82
106
106
8
70
123
73
88
54
15
7
136
127
70
119
10
138
141
84
146
13
76
60
38
36
121
8
52
21
93
118
104
46
72
137
116
42
57
76
122
73
83
105
72
25
96
83
11
109
39
4
123
116
90
33
24
58
41
101
105
134
67
56
52
11
40
41
53
97
142
47
42
98
24
115
123
121
70
134
77
109
11
72
97
101
130
122
31
19
70
136
25
9
39
103
20
104
144
99
74
133
146
116
78
18
103
49
11
20
55
88
2
66
33
99
14
10
68
71
54
11
54
80
20
119
55
41
95
46
140
16
51
5
5
2
23
133
51
34
1
131
148
28
45
28
127
84
63
68
2
118
79
82
70
99
73
125
12
15
43
152
57
94
5
87
96
53
67
19
113
93
23
108
121
68
8
96
24
71
11
52
61
115
134
3
86
79
128
99
119
43
123
23
10
128
135
131
54
50
23
14
143
46
147
137
139
2
80
10
98
116
62
7
103
43
10
36
147
11
135
114
79
106
9
89
106
145
68
32
67
91
46
82
9
40
66
148
67
18
5
13
134
68
20
109
136
55
146
131
91
0
117
18
131
151
107
110
15
47
142
82
138
61
12
147
126
78
142
41
97
20
54
103
88
99
60
71
26
78
74
118
78
63
8
57
62
115
14
77
10
3
32
20
89
44
40
63
147
54
104
116
74
30
67
34
129
152
131
27
77
77
17
2
141
25
84
50
13
123
152
48
127
31
68
63
100
133
126
120
60
102
83
6
132
22
41
133
21
19
8
123
96
50
126
109
76
82
31
89
53
31
137
52
87
77
140
60
58
139
27
143
88
110
149
93
133
37
73
26
81
106
150
50
4
148
6
80
77
38
41
2
94
25
54
53
102
42
113
32
28
12
22
116
123
19
56
128
81
2
26
10
108
23
60
137
18
66
89
121
129
130
123
70
27
25
124
130
92
109
34
120
122
82
108
117
126
37
117
54
39
143
89
19
39
21
29
57
113
118
50
89
96
21
32
123
71
28
125
10
137
32
2
131
114
110
120
112
147
84
38
58
100
128
103
139
21
132
68
134
122
119
71
90
12
103
61
83
3
58
118
12
115
120
144
101
77
136
60
97
93
99
27
40
99
130
51
120
134
119
102
104
110
45
41
122
20
127
77
23
58
42
60
20
34
76
122
112
60
54
81
0
0
108
40
124
111
91
117
92
82
91
68
40
136
135
34
28
109
112
76
14
26
136
60
61
60
29
45
120
108
126
120
134
106
32
105
89
148
94
54
77
32
122
142
40
104
24
68
86
8
144
125
34
0
32
120
60
86
12
52
42
10
44
23
117
76
0
53
96
95
132
45
127
102
35
15
78
84
108
11
92
100
137
151
100
16
119
32
128
131
84
17
142
128
65
131
76
65
56
19
7
36
64
7
10
124
22
88
55
130
125
19
102
109
18
74
150
137
106
125
140
62
14
1
37
104
132
113
17
36
4
49
72
69
56
82
40
103
42
121
106
14
140
80
148
30
2
146
14
133
143
27
43
30
28
105
134
8
91
23
69
95
73
13
36
1
95
102
130
9
70
108
24
82
35
19
113
62
37
152
43
28
26
111
83
55
88
64
88
26
113
4
122
33
17
5
59
137
107
61
146
49
16
42
132
52
62
92
114
124
91
29
24
118
12
107
45
101
44
133
127
4
9
121
62
51
152
146
35
131
55
53
28
71
96
7
148
30
124
135
1
87
36
51
77
49
5
122
22
74
127
149
78
8
118
12
59
142
6
94
120
86
20
148
29
116
27
25
18
151
32
44
86
68
95
10
142
101
5
11
22
4
8
126
13
151
10
72
140
16
39
132
127
59
128
4
47
2
29
90
26
86
134
137
1
102
19
144
50
49
2
97
54
35
95
67
58
106
11
70
147
75
50
147
6
25
151
78
52
52
15
103
138
22
87
139
124
132
2
46
28
5
15
82
65
136
21
124
114
58
41
108
5
91
127
12
141
125
115
41
49
131
16
34
25
104
46
21
83
48
67
136
78
107
91
144
90
137
140
51
42
28
32
48
145
6
85
133
4
47
46
53
50
63
88
75
39
6
96
147
54
35
130
5
143
68
149
105
53
136
4
120
36
61
40
28
92
125
34
96
45
105
150
95
40
110
43
79
116
139
73
17
47
76
47
37
16
43
142
94
51
18
87
88
104
127
141
44
125
47
140
17
0
137
137
40
94
27
145
82
39
90
125
86
13
19
148
55
88
9
149
139
53
83
99
4
83
113
48
55
7
36
97
32
45
81
98
12
134
90
94
20
27
66
131
66
111
151
121
46
7
142
32
60
73
4
65
3
117
138
83
149
21
27
29
67
133
127
79
114
64
45
6
116
137
9
29
95
7
22
141
40
12
45
125
110
49
62
138
38
48
68
35
69
120
64
8
100
63
112
87
127
5
118
115
14
128
17
109
7
39
122
47
76
14
20
33
89
82
43
127
2
111
9
97
103
98
105
76
8
90
10
7
120
0
123
134
0
140
90
8
51
84
80
128
98
100
33
34
55
77
34
82
60
43
26
11
142
132
87
22
94
122
30
61
147
0
42
148
12
4
3
63
88
83
38
58
56
72
118
136
21
152
65
81
67
92
92
81
96
51
104
37
45
134
98
40
134
12
35
18
41
38
81
1
146
145
59
49
89
24
32
110
48
123
38
116
62
3
44
30
54
148
67
100
1
37
12
135
74
47
0
140
110
107
141
103
99
72
0
35
122
57
145
17
27
55
133
114
58
50
144
138
70
83
110
72
145
122
79
66
16
105
78
126
59
66
101
5
139
101
65
133
31
82
150
83
137
3
45
68
78
61
53
148
145
10
67
9
4
147
101
20
99
26
18
5
93
119
35
104
93
100
84
124
29
106
79
38
134
124
106
59
33
6
55
50
41
122
59
45
141
7
90
87
59
133
117
152
125
152
128
90
124
84
86
25
62
12
64
44
137
42
103
42
74
5
92
140
0
23
33
141
56
148
76
115
1
40
139
151
65
139
88
61
70
21
87
132
33
23
48
42
90
152
84
11
4
48
152
4
97
57
146
0
77
94
115
78
6
126
76
96
112
36
5
54
57
117
58
91
140
107
5
77
106
90
114
135
10
113
12
107
42
30
107
119
124
94
70
2
67
18
99
51
55
104
105
112
68
36
75
80
143
81
29
121
43
143
103
53
128
115
8
17
145
140
9
141
82
79
144
21
97
90
73
152
66
50
137
6
86
59
86
76
12
140
44
55
3
20
134
3
135
142
21
0
1
30
141
83
134
132
105
78
94
50
78
7
100
87
13
59
146
124
135
31
137
52
111
140
72
92
143
79
106
36
104
108
91
93
38
72
97
15
151
39
90
101
46
63
35
85
122
53
56
129
109
65
28
68
52
125
7
68
77
114
104
28
69
68
121
132
140
66
20
138
130
110
111
48
20
18
133
14
97
62
144
53
127
19
121
52
17
129
120
94
115
96
122
31
11
116
35
152
54
55
9
31
38
146
79
83
11
85
98
108
147
89
34
121
133
2
45
150
3
12
116
118
109
86
21
145
74
57
144
128
137
26
31
47
19
135
131
55
67
76
11
86
37
70
80
17
72
125
15
76
138
3
66
119
89
88
136
35
17
128
35
26
26
66
74
45
49
52
100
141
0
136
75
37
53
2
54
151
152
94
99
9
98
12
128
59
125
112
95
14
112
130
41
138
69
140
55
143
64
27
131
64
36
78
126
89
105
27
112
105
147
58
114
117
96
115
23
68
99
143
108
58
146
149
68
87
8
148
77
72
22
80
136
58
6
134
20
136
8
132
88
27
63
75
144
6
37
15
99
136
30
79
66
23
75
6
110
108
1
59
27
23
140
35
107
18
16
127
26
50
131
115
77
41
62
94
72
124
134
44
132
11
123
45
60
71
76
42
26
77
102
54
125
114
114
79
4
131
78
30
53
57
145
130
123
79
71
68
50
52
112
29
89
107
99
149
25
22
63
77
124
12
3
122
151
117
73
2
120
152
33
20
81
50
23
51
130
119
144
52
44
103
82
133
83
53
1
108
101
64
32
72
102
60
41
100
25
140
103
17
139
8
38
67
58
86
143
60
52
135
138
96
110
67
101
40
145
102
21
93
39
78
38
141
139
104
113
36
91
88
53
102
96
116
41
27
49
32
112
102
39
97
70
21
36
19
87
29
146
108
147
57
33
57
45
44
9
31
80
125
119
134
75
88
122
116
115
19
20
99
146
59
44
63
106
105
107
40
6
126
148
1
30
53
58
101
123
92
132
50
65
98
56
12
33
26
128
20
70
21
145
63
105
36
126
58
13
106
98
20
79
118
21
109
44
104
57
14
69
61
89
6
7
18
18
65
69
18
111
139
39
103
49
145
11
47
50
24
0
21
44
79
11
90
61
80
67
143
94
136
52
56
142
84
74
7
21
15
25
132
1
90
107
75
82
143
122
4
15
123
25
84
74
62
47
7
142
114
151
109
97
75
12
111
6
111
118
27
126
15
32
152
105
139
74
59
130
43
64
17
38
114
126
138
23
20
145
38
134
15
147
103
90
31
61
96
142
51
149
140
92
28
11
44
39
110
129
41
25
40
58
64
26
32
74
75
77
66
113
59
82
132
34
44
10
96
13
24
19
9
36
111
62
72
28
101
29
4
15
54
69
73
118
95
130
39
42
55
131
27
139
85
6
20
129
41
141
142
90
8
23
126
119
85
70
147
59
99
151
74
1
92
19
144
35
22
56
77
77
34
105
88
144
136
108
120
25
122
135
140
130
5
139
96
116
56
91
47
3
114
121
4
54
12
148
114
34
51
63
136
110
40
96
101
24
52
94
74
21
76
61
23
106
72
119
69
129
82
116
132
69
109
8
148
147
3
109
28
80
19
37
37
85
133
11
109
57
105
55
103
28
141
126
134
61
118
76
62
72
64
41
141
21
49
136
15
77
92
68
4
137
130
67
69
136
103
50
40
55
130
16
108
143
142
114
76
132
62
138
52
127
26
40
148
100
49
35
25
13
128
54
150
106
146
91
114
96
13
1
151
143
17
131
6
32
118
82
36
27
68
88
1
119
1
149
67
50
56
117
63
57
43
86
35
37
24
149
133
63
150
4
78
40
135
84
97
100
14
133
0
107
94
1
73
95
23
12
145
79
1
80
8
45
13
43
82
63
39
87
126
62
91
51
127
99
8
96
71
22
76
71
1
42
98
99
137
121
137
1
72
138
82
81
55
120
124
9
55
11
97
28
98
60
105
72
31
113
15
128
7
116
71
33
6
16
132
15
137
116
17
57
127
124
138
29
116
134
39
19
145
8
47
90
68
24
34
125
9
49
100
41
13
18
74
44
35
54
59
44
42
76
101
16
72
111
46
36
93
110
55
110
118
127
73
58
152
132
55
8
29
2
75
67
46
149
111
81
75
17
150
118
119
99
134
38
82
52
74
47
9
129
30
152
104
128
83
128
107
10
8
8
13
83
75
84
80
58
37
2
76
34
120
42
5
127
80
88
26
27
7
61
3
37
85
132
12
40
107
145
51
116
0
89
46
101
20
151
6
82
1
82
116
146
149
122
120
102
82
19
129
89
105
4
127
62
9
11
103
116
3
26
104
29
140
151
130
7
21
136
89
22
66
77
41
87
46
8
36
128
52
37
90
29
67
64
92
76
100
67
39
129
93
16
5
80
39
7
112
60
143
73
83
81
150
124
16
69
4
77
69
82
115
6
111
29
95
75
130
68
142
16
44
107
57
74
59
96
81
43
4
96
116
112
25
139
108
66
80
137
143
149
66
130
28
50
31
148
150
8
63
140
50
107
119
107
53
51
51
134
94
80
78
83
39
128
69
147
41
21
3
56
42
70
59
70
145
90
66
142
124
129
1
46
109
146
0
34
44
76
41
138
28
144
68
67
119
9
86
32
55
90
88
98
32
147
15
49
110
106
38
106
83
65
152
64
58
24
98
102
126
139
87
1
2
28
94
121
62
27
0
118
142
114
63
46
133
103
95
115
57
134
68
12
71
67
101
129
92
46
78
65
58
37
91
85
90
32
54
0
85
79
143
74
65
78
146
46
28
88
8
85
94
77
122
12
16
70
141
108
142
91
45
72
1
137
4
91
16
58
116
101
10
131
48
75
56
41
121
85
1
2
42
96
79
12
133
95
82
122
76
71
85
121
15
86
130
20
50
147
78
38
120
113
17
40
36
73
106
29
30
133
31
73
76
110
110
56
78
64
50
26
8
8
147
23
119
125
43
16
144
147
55
136
107
72
49
143
17
2
20
48
135
76
146
83
59
128
12
137
39
87
10
72
120
29
96
87
26
11
103
42
5
30
51
138
102
100
0
145
127
20
65
135
122
58
65
28
58
102
12
97
62
47
17
29
101
138
116
0
149
92
42
2
122
93
140
97
65
12
89
40
33
1
22
27
84
112
55
142
87
92
111
149
139
128
50
112
138
14
112
135
131
27
9
100
145
21
69
58
33
5
98
91
31
145
118
140
129
20
1
63
112
113
84
123
113
135
83
99
21
67
106
152
94
115
124
112
136
41
17
16
71
140
108
103
132
73
115
133
119
117
44
78
102
128
49
62
135
4
33
3
71
139
27
38
126
152
150
109
40
39
151
111
26
106
86
30
51
49
10
17
38
79
121
140
55
17
74
62
46
133
66
142
119
93
27
93
92
49
74
4
113
72
116
139
50
74
41
102
123
77
144
8
3
112
20
83
1
95
146
47
75
84
37
66
24
89
31
142
11
106
18
124
50
6
111
101
81
24
50
51
101
66
85
130
26
130
60
27
97
53
100
44
137
9
111
34
98
14
48
109
145
66
81
43
73
64
144
1
88
66
77
62
132
34
39
30
37
124
83
134
50
30
26
59
39
137
93
9
23
13
119
16
80
72
59
25
8
50
51
121
141
128
30
145
35
94
23
72
66
131
53
116
33
104
22
97
113
141
106
137
26
97
0
106
41
59
3
49
134
54
18
147
55
73
139
90
15
34
34
106
12
112
94
45
64
141
142
24
1
121
8
28
65
8
6
107
92
10
28
98
64
46
92
144
120
104
106
7
138
140
138
23
100
79
93
11
92
108
35
94
76
44
122
13
77
128
145
17
138
21
140
75
92
105
66
84
56
20
91
66
7
101
114
132
27
55
143
120
35
51
86
136
120
55
149
44
30
14
86
16
60
74
116
152
51
29
84
107
74
47
45
107
149
7
86
48
87
102
40
122
0
126
105
120
28
126
36
84
12
123
100
72
69
88
72
120
142
28
99
64
75
144
18
96
23
129
145
110
103
57
79
128
31
56
120
84
55
4
15
67
152
140
140
93
75
84
85
65
137
56
1
59
47
44
3
96
20
20
53
149
102
5
124
133
61
92
90
141
96
105
56
120
118
68
85
40
24
17
130
8
73
131
92
145
22
120
88
68
140
14
64
90
19
35
95
105
152
57
94
120
10
22
87
128
90
19
40
114
61
43
147
6
21
86
152
69
54
112
9
66
126
98
28
145
133
124
123
5
53
64
125
63
86
85
63
48
129
129
34
38
19
28
44
65
114
68
6
40
28
15
107
1
113
135
19
119
131
142
149
32
78
121
120
36
78
56
84
55
57
118
118
76
18
9
13
4
103
45
45
131
85
24
4
71
6
48
37
10
62
58
67
140
26
34
23
130
90
132
32
19
97
150
95
140
31
134
145
134
51
62
137
136
86
142
54
92
62
116
127
125
21
41
137
73
76
8
50
38
12
82
58
135
104
25
122
7
31
114
14
82
23
151
66
134
12
120
99
75
84
73
47
130
115
31
50
63
64
100
126
77
54
31
59
30
82
53
63
138
40
77
68
88
75
6
70
113
126
16
35
82
89
107
85
76
10
135
139
100
108
113
49
34
16
133
65
123
33
0
109
73
77
49
9
24
55
104
137
53
120
44
136
81
23
68
5
59
75
16
6
30
1
80
90
43
60
27
13
118
27
147
64
104
43
98
128
98
49
138
152
41
29
7
122
78
100
152
137
47
16
15
103
17
95
40
85
27
67
99
17
94
118
106
70
9
51
45
132
125
55
131
13
110
10
136
35
135
135
19
30
23
59
133
66
26
20
151
78
112
122
95
78
88
49
148
97
125
65
101
98
121
105
111
78
115
119
138
123
102
4
0
150
63
133
63
114
25
62
39
9
31
134
87
119
55
82
88
28
19
62
126
12
14
84
90
1
51
75
124
25
104
124
47
39
129
111
0
26
20
64
35
76
46
147
68
126
101
28
1
121
90
152
5
104
109
96
131
7
43
102
57
20
99
104
59
100
87
85
127
107
