inputs/int_aleatorio1
916
20
994
30
311
983
425
848
271
205
144
730
200
29
287
71
81
913
147
638
886
797
997
642
607
708
106
81
627
843
306
543
864
300
926
175
636
351
23
907
556
519
989
108
548
277
180
981
190
679
620
429
477
969
423
84
677
529
165
656
373
824
199
237
476
477
764
112
828
787
371
736
306
361
845
207
638
377
540
180
56
160
609
533
481
32
969
158
914
135
814
639
311
366
228
787
843
992
252
24
779
623
760
437
984
605
996
622
334
537
155
391
49
116
276
531
501
246
689
415
733
856
54
44
222
282
831
417
626
83
441
405
59
202
194
43
159
191
18
494
728
173
237
777
289
865
308
790
111
350
557
844
206
963
240
428
597
424
845
223
859
639
628
918
841
175
962
352
366
332
198
94
857
435
871
146
301
532
289
764
882
198
961
88
162
201
868
759
625
65
983
837
704
963
755
897
138
69
250
504
401
448
598
258
236
822
757
889
706
398
653
588
596
614
28
758
168
248
870
145
313
853
982
18
816
738
915
307
159
517
811
913
318
762
523
554
936
280
443
642
30
448
582
627
63
610
737
583
858
607
728
523
812
711
541
981
801
809
288
960
678
451
225
996
213
749
550
501
29
345
143
60
794
77
39
209
39
128
792
897
88
872
773
900
583
666
233
736
475
873
697
506
325
922
502
890
23
405
392
53
102
887
465
248
965
856
457
4
984
601
254
424
474
27
325
409
693
910
146
521
784
195
27
109
469
881
999
493
286
743
898
389
983
715
637
948
571
447
304
907
400
910
332
226
289
9
636
335
919
134
856
55
681
235
164
150
468
516
995
755
611
245
496
594
960
485
894
883
932
551
143
685
813
475
911
103
836
899
438
107
385
646
163
66
233
679
569
701
547
916
808
511
162
304
457
122
790
352
358
74
255
501
759
68
328
23
171
164
922
961
623
308
959
786
726
192
818
295
246
717
212
54
228
374
359
686
848
501
390
558
927
645
59
39
713
387
62
237
903
336
550
527
996
510
665
723
54
483
18
300
201
582
355
781
308
66
467
509
919
857
67
846
502
127
237
568
866
299
157
770
636
707
649
984
217
314
707
272
798
78
572
351
660
279
132
969
697
600
830
616
809
897
815
312
376
52
232
243
704
389
365
692
96
14
676
666
328
384
938
478
462
862
829
474
494
962
795
191
914
625
160
723
523
327
387
251
379
619
846
435
360
563
127
457
577
804
123
258
540
413
88
354
275
918
828
121
232
976
313
146
601
825
221
476
152
609
728
883
580
574
319
941
138
446
750
67
602
225
677
494
638
766
848
265
36
29
387
620
5
52
118
958
877
339
435
29
300
515
912
881
441
583
174
931
30
924
999
984
501
28
831
491
146
679
756
534
60
495
154
65
899
272
376
776
964
811
157
264
326
422
497
119
5
671
51
387
947
50
724
448
430
555
939
577
234
48
111
647
895
618
64
795
890
440
923
206
251
81
471
929
855
968
49
860
640
100
248
587
502
972
388
284
527
327
213
113
727
677
760
623
295
825
418
537
617
693
744
869
126
215
150
981
535
551
842
175
3
442
115
857
766
855
142
645
182
707
758
262
384
871
885
679
48
655
217
665
348
961
886
475
528
389
808
63
940
650
591
296
444
58
153
210
913
647
855
447
355
966
709
739
189
946
771
237
601
988
254
302
301
141
129
181
530
937
596
822
940
539
118
384
597
624
947
862
271
154
662
626
472
723
718
661
670
489
250
271
829
857
573
482
350
702
663
880
992
611
54
932
151
525
668
748
149
615
963
420
122
625
399
594
348
117
608
18
958
858
642
787
67
567
269
417
622
284
649
614
895
704
898
46
229
566
147
730
182
110
150
304
87
901
250
435
18
858
806
328
69
800
115
136
719
736
554
693
372
203
307
268
907
205
666
488
124
813
218
658
275
721
314
362
974
564
150
345
423
308
673
844
460
789
980
179
877
534
873
250
90
532
870
349
90
536
190
214
702
408
872
977
481
186
692
456
750
842
801
525
502
474
721
962
615
702
493
845
588
366
447
678
251
317
380
341
205
570
555
907
330
779
237
812
317
929
620
419
123
773
945
625
599
666
939
567
720
432
412
309
151
859
339
402
528
719
743
733
289
650
641
620
429
878
784
746
159
404
165
634
529
462
611
128
481
550
695
553
982
459
214
133
318
554
535
198
625
630
932
267
280
573
887
61
803
23
159
314
779
677
948
308
491
559
788
324
109
484
878
443
295
92
929
966
998
816
164
624
447
96
891
79
669
130
