int_aleatorio
6683
5088
2035
8079
433
8216
5384
275
7175
5489
7688
2292
1991
9237
8161
243
5023
2553
8362
6501
1034
3162
4948
570
8003
5431
6677
1048
4886
9346
4404
7920
4433
6439
2350
4865
1006
7733
1491
8181
3221
9178
6824
1563
4766
4984
8157
6141
3889
2871
2641
4922
6032
3940
5491
4034
9371
8519
1433
608
7864
5837
8527
8648
8627
876
9865
9632
8608
1355
4164
8180
533
987
6094
1650
2323
4251
4142
2563
3473
3135
3836
9504
7074
5678
9890
6444
548
1322
7051
8411
3510
1929
3410
2136
2804
3274
8120
7763
4629
2283
5942
1513
9622
8388
9514
8296
2638
3656
858
2462
6790
1045
8317
215
6722
8206
6659
7269
5880
61
2031
5741
1990
5440
7877
1145
8714
2348
8908
9694
982
1201
1206
6955
9588
719
5250
8577
726
2459
1038
3867
3503
9355
4082
224
3912
7092
3844
6143
3504
5874
1884
5493
1314
6112
2990
6379
8459
1897
6072
5792
3097
3629
2747
9037
699
4348
7613
1425
3159
8651
1643
6661
4357
5724
3237
8268
9167
7080
4411
2671
2954
2646
4515
619
8757
7504
3349
3567
5752
9420
9358
8849
9400
8456
7885
98
9156
1849
7874
2314
6851
5869
8974
1207
1592
8562
5827
7111
5642
6589
6133
8595
9234
647
5565
7990
4503
8913
7908
254
4684
7265
9102
4083
2073
3338
532
7580
5187
4758
9893
8389
626
5218
9596
8569
3780
5422
5679
5773
8362
1811
4367
7595
8810
6283
1936
3312
5195
9843
3565
9878
3459
9019
312
1883
8708
843
9462
246
5600
9354
8635
2577
924
8230
1146
1055
3
3176
6827
8364
1339
7545
2310
148
3827
4245
9811
5373
4087
3375
5250
3897
8745
5561
5780
7453
2755
5241
7698
4707
947
6332
7283
1870
4561
4780
9276
915
7956
6102
5630
9294
9998
7939
5793
3824
8535
5603
5548
8973
5329
797
2870
4074
2709
8649
1526
5463
3889
9223
169
4835
5555
3804
3056
6467
8583
8683
3734
2890
4784
9363
2183
1133
3654
4327
1308
8540
6281
6855
7513
1610
7651
6734
5683
6711
5382
7208
2174
5622
6430
8694
6809
8336
2497
6216
4803
7432
4899
4888
321
6034
602
8856
7167
607
3182
8474
9147
9463
5329
3011
7424
9331
9744
3106
6042
5125
6665
4567
746
9446
3260
3906
7782
2109
122
8936
5892
5020
3823
6212
1053
776
1419
8219
1383
953
3045
529
6767
8373
3539
4190
4055
9634
7295
96
4758
311
1014
1855
9756
626
2113
3889
2734
2234
2824
4977
7253
2998
1188
8305
3774
8959
2876
5156
9911
5920
2036
6677
644
1926
866
4698
1559
4512
1146
2668
4822
8511
874
929
9136
2986
4818
1869
5219
3993
3197
8823
6991
4385
7128
7116
3343
6355
8623
9605
2274
658
6281
9269
8935
3498
318
493
4361
1463
9512
9182
9974
6737
6462
9109
9723
1279
7330
1293
5272
526
116
8614
1262
3595
2081
956
9949
703
560
8574
7712
6840
7842
2998
6689
8159
9842
1049
5974
9353
6582
2299
6089
3044
7759
2163
674
1440
3456
2297
1966
9923
7262
9579
3517
9342
535
9817
6396
7446
8390
459
638
2583
3456
7326
7093
9649
8375
3066
5353
4956
5364
7794
4351
9475
9956
5025
914
9763
7321
9231
9685
935
8810
9553
276
5696
9369
3024
3141
7758
9834
130
6692
9642
7456
3785
9290
2182
6850
4643
3489
8566
2436
7840
4392
8743
9216
5305
8506
6536
4536
8190
3822
3345
4095
4098
5392
3463
3473
8532
1221
3306
5014
4264
2947
2469
8048
8589
4650
1250
3231
8138
6167
2018
2329
558
760
1544
5862
9265
4432
397
3807
8253
93
7901
8702
5484
7715
2174
368
5287
1832
5381
9551
4778
4201
7598
3366
8850
5199
2948
3339
1365
4965
5668
8274
2077
3563
4136
7693
7994
884
7851
6247
977
2103
1300
2812
9818
3474
3179
5104
1657
4911
4654
2786
9111
8604
2504
4312
3802
5451
7651
1519
6768
9670
9792
8844
3232
279
2888
1226
1163
739
3824
8491
2841
5123
1302
2658
4948
4481
4114
6604
5743
8767
9390
4854
3722
1893
9165
7524
3695
6815
5394
462
2836
5185
5657
6068
5464
8545
3645
6626
5635
3820
5116
8475
5294
2769
7485
242
3601
1598
6845
9344
6716
2586
4197
438
830
3361
4313
4525
6528
9706
1338
9363
4890
6995
1782
353
1891
1778
3330
7525
5597
4797
2351
7243
7566
6187
7484
7518
7784
680
6861
4500
3266
1057
4937
447
770
9249
4971
7297
5306
6309
3011
195
9655
1145
6900
7897
9274
6581
1773
1223
1378
4123
8465
5295
310
5948
2812
4445
2979
9673
5296
6244
7081
6584
3043
7850
2184
8013
1498
7489
673
861
7684
327
2005
935
4575
1278
7515
6347
8852
5244
6822
7316
6890
3483
3263
9702
7927
6242
5726
9575
8837
9158
6158
1879
3360
8342
6244
1209
5830
6916
2069
9865
3595
425
799
8169
8055
4666
868
6906
9909
7689
4222
6799
7523
3836
2852
1801
6429
4929
1375
5266
438
7533
3496
3797
2226
6091
5006
8055
3007
3426
4272
2953
3851
1422
7473
8257
6087
8340
1514
5996
2380
5735
9146
9902
5923
8349
1703
2351
9629
3077
3968
66
6961
7464
215
9186
9906
5220
3593
2912
4997
7864
2216
5199
9285
9689
3455
5372
8028
4969
7719
6760
7055
3216
6661
2977
1564
4715
1680
7544
7792
5647
7609
1104
9462
7823
290
9368
9394
3882
8631
743
1745
847
5941
7381
535
5748
2752
4914
716
6822
1673
4122
37
4686
3451
7952
9400
5130
5495
3543
776
9456
4647
238
3630
4936
5957
9376
5169
4587
118
6913
5433
6058
645
2319
1805
3397
3585
8872
6570
1609
9346
2959
2646
2796
910
2046
7925
2757
1940
5052
8564
6586
1641
2193
7873
7597
1568
3041
2184
1685
6305
3968
4095
6950
2639
2251
6698
6223
7475
3267
4183
6820
6225
6829
5967
3487
8874
3891
2595
813
5294
7510
3751
6935
9702
1623
4531
7622
4664
3066
5658
7320
7034
6104
4269
9672
8355
966
2246
5829
585
6428
9000
3161
3256
4966
2999
8481
5208
1945
5646
501
9454
9396
3787
5508
1018
8318
3129
2033
7735
5138
9353
4768
1242
9973
791
5948
7291
9388
8128
4227
5816
7127
7387
9071
8444
386
3904
3651
2330
9549
503
8136
8944
642
3643
6313
5311
6771
8346
3045
8260
4050
4165
9501
374
4955
5448
7664
695
9927
1890
6510
7053
5629
1932
1848
6014
5835
1850
4695
1735
2353
2830
678
9346
6472
6991
4656
9594
1688
7700
7854
2089
1864
3706
2462
3171
5506
126
3865
5432
8367
6726
8837
3995
8657
684
6360
844
2534
1055
2578
1238
236
9608
583
3060
6598
5238
2653
4637
9289
6858
6725
7505
564
5538
675
2421
2015
891
4204
382
3968
3040
4376
2624
3724
736
9819
2609
8142
2397
198
4729
2004
780
7788
4953
2369
6793
5941
8009
3650
9017
5513
565
4554
2539
9337
2921
9781
3541
3302
3748
6580
7677
2724
6655
4764
2542
5615
9257
1290
5812
3986
9645
2943
1773
949
1663
8565
6889
9672
8567
2257
5184
5483
3163
7723
4820
6083
7503
8360
9384
7603
1291
3412
326
7946
4528
2867
9912
3784
4157
5724
7769
3801
5018
5894
1102
6681
810
7990
6352
9376
6599
7887
1211
9761
1961
6030
5843
9464
741
1578
3418
2031
1341
3743
6328
5868
6609
6240
6004
7117
8315
124
7270
3332
6017
8371
12
6827
2712
2715
2554
9310
602
3764
9070
2562
6145
1264
8377
3237
9193
1794
5268
534
5536
7947
2753
8497
538
8756
5613
8852
8880
9234
8536
1248
7604
4899
4426
316
7614
6980
9625
4567
7095
5047
7128
9592
2662
1857
2828
1855
3650
4447
2388
5538
2394
1492
386
2931
248
2350
8135
5479
1584
6670
6726
9187
7920
1152
5854
5533
4483
1831
99
7929
6877
3579
7520
9538
5435
6700
1392
5436
1146
131
7325
9891
1623
7710
9174
8222
60
7308
3700
7995
329
6777
7181
8248
7928
9387
133
8762
1217
6583
6691
8093
161
562
3982
1947
7261
1726
3735
4759
8208
1059
4649
9830
5121
3822
4403
1532
7481
8102
9526
4161
1231
3058
2409
9158
2444
8893
4272
3660
5475
962
8104
1988
7875
2086
3934
1488
163
7668
6246
8370
5079
894
8200
199
1068
8954
1730
4900
3408
7607
9061
4638
664
7821
147
3108
6713
4418
3119
8539
1731
7575
526
9606
9660
812
7445
9822
4831
3690
8191
9909
935
2742
6459
8354
8048
4540
3254
1455
2146
2314
6092
9162
134
6238
8621
3198
7008
1739
1736
8738
9313
2262
4695
5324
3073
2139
1497
7903
2180
6040
4164
3115
5133
6974
1468
3180
1514
1073
4634
11
3386
7077
9172
9871
9667
4144
3068
6674
2235
4804
1763
7899
3417
6458
3223
2841
4948
1071
743
7128
7110
1258
6594
8595
8232
4413
1774
6097
5486
2760
2459
8871
9836
1631
5094
9502
2126
8161
6175
4360
9316
7938
2259
2732
747
1833
5572
2046
2903
2667
5525
6365
3924
2118
4959
8507
6531
3084
4603
8368
5843
7062
3590
2031
5044
8683
7884
3521
6844
4059
7881
6159
8348
139
5243
5446
8323
814
7491
7577
3480
3016
3941
3756
1485
5251
8614
4367
4687
3217
2734
6881
6630
2676
5263
8025
1358
3147
7897
4553
7205
5777
7064
1904
2267
2306
3701
589
9471
7543
4518
2951
558
8458
3058
8395
61
1671
2761
1099
1239
1847
7979
4220
4522
3242
8596
5879
6388
6493
6784
9944
8621
3847
8199
888
2504
8251
7828
1974
5793
2345
1276
2703
7155
4333
1097
3567
2356
209
4665
3594
2055
8995
4166
6576
8588
2761
8807
1327
5605
5590
1270
4226
9436
5820
1465
1939
4070
9292
264
9863
7989
1540
8917
5143
2224
13
5061
4579
221
9725
4525
8628
5071
8690
5203
3659
7802
4009
4985
3407
5950
2607
3984
1737
8426
5448
27
8848
1091
291
5062
9079
1830
3978
573
4053
342
5633
4984
6914
1709
9508
5541
6780
4549
744
6790
2350
1104
1774
2108
7054
4380
6091
8790
9158
7890
8817
4357
8981
5459
9418
4411
3640
9747
1336
7692
6440
3320
9027
3353
5029
8534
8894
8160
9434
5989
4949
1784
7092
3074
243
497
3806
2686
5639
9315
575
807
3671
5907
6265
9440
318
9904
5538
8005
3947
1977
1324
9326
5329
6352
4211
574
863
3645
6562
2163
1780
6
1589
2022
502
5394
4707
2492
4708
1634
3298
4730
3892
5914
521
561
2169
6058
8565
2468
4386
9889
1793
6066
2592
6003
6640
3455
5999
3201
1969
7778
3206
3557
9800
60
8950
858
2551
9
8843
2201
1090
2735
4466
7962
3295
2987
4019
1860
5454
4756
8100
3598
822
691
9600
7461
4145
5599
7013
2466
3376
219
6022
9527
6630
1324
6737
5532
7684
1931
7732
8774
1017
8550
6735
664
1536
7106
2523
6989
8213
6974
586
9034
7664
6537
6494
8161
8487
9859
626
8215
77
2999
4093
3058
4322
829
8589
2006
9112
6321
7131
128
1222
217
791
2757
3674
9665
6097
1887
6638
6682
920
654
9570
3766
8814
8057
3624
9439
6271
52
2437
363
3109
3111
7544
1697
1468
6655
4369
8598
3134
5590
5166
3925
4698
8840
9941
794
726
2931
7475
7997
3584
3397
8114
2397
1453
8089
8187
7723
4492
6975
4437
7600
85
1980
5649
1552
8634
6369
6501
8120
8311
1667
2044
3008
6858
8336
154
3935
1266
3980
1931
4849
7376
6397
7245
8828
4485
1783
2902
8977
8758
7339
2928
8842
9318
4928
6746
4304
7649
9598
2423
5959
1264
818
5318
8121
9153
5471
8407
419
9451
338
1619
3178
3086
5216
2006
7570
6998
4907
2898
5755
2245
2178
949
7915
7105
4046
2218
4753
3643
4640
7063
1259
1809
8733
5731
961
555
4138
7731
6357
827
9350
9535
3912
4565
1540
7833
1562
2798
731
3669
1395
9260
969
5661
6364
5014
7878
7469
5008
8869
883
6266
677
9615
1997
7989
6522
6134
5720
2878
6960
5069
2412
871
5985
303
5055
3898
9453
2137
7566
847
1396
4886
2859
4112
6251
736
7932
1259
5956
8814
7524
2984
4781
9520
972
1302
2005
3043
4179
8964
4463
2943
6186
447
3245
1241
697
9049
3377
4614
9895
1125
9500
2753
5236
5750
9840
3167
7008
2147
8332
884
1482
3112
6755
2454
765
8760
1848
1296
4075
6311
590
6613
3109
186
7853
157
9235
7581
4771
9129
8705
622
8234
292
6371
4425
3458
9731
2924
8142
6966
4405
7605
3720
3210
8370
8831
5058
6017
2906
7720
6606
9518
7180
6791
3722
7337
6025
7654
8459
1506
2711
9080
6091
3002
1802
6867
2812
1532
9790
953
8497
4195
8557
8569
3756
3278
7399
5165
9294
6656
2884
2251
2525
6416
9042
6246
104
1418
252
4914
9275
2962
3993
5365
2315
5794
2232
5126
3678
8373
2430
8526
8919
987
3446
2675
4264
845
7839
9910
3852
7075
2160
6377
3490
7553
8974
9945
5323
9225
4858
4597
8538
5202
9962
7205
995
8545
2330
1024
3269
4760
5902
2188
2098
9347
4862
2713
6543
9052
2622
395
6126
1134
6771
5967
5038
2096
2263
360
1321
7120
4957
6210
2321
4918
3414
9668
9814
2096
691
3082
3207
6592
5269
5304
2291
6482
8016
8833
1886
6990
9227
8011
8123
2349
330
3160
4445
2592
9872
2117
6064
4828
8326
8384
6097
8092
8051
5910
187
5094
5343
3393
8037
6964
5048
327
9797
3063
5512
1682
6404
4738
6045
878
3439
2726
4038
7883
5317
261
9999
1380
5088
4676
6116
1184
2767
518
3445
9305
1963
5139
2697
6352
2102
7744
3030
1899
7159
8541
9932
3562
9631
5976
4440
3069
8701
4829
7303
370
5089
7301
8101
6528
8328
4216
7711
1095
1086
7507
6751
3048
2645
9448
9399
1099
3543
2429
9349
7053
7321
9280
6967
6951
1608
1406
6371
6660
2586
3673
7029
4026
7325
1482
553
5653
2049
4615
3099
3134
8473
9849
2534
1117
5648
1932
8567
5543
712
7915
2595
8033
7195
9561
4983
5154
7318
7706
1813
6255
1378
8842
280
8703
6675
7184
4355
8723
8150
7453
1857
6622
3653
4390
4091
9301
2673
2657
4843
3385
572
3789
7769
4118
3350
9103
9271
7019
6808
7435
9626
8186
2628
9905
3240
9302
3441
7594
8025
1590
1398
9881
8212
5050
622
8654
702
3294
1310
5544
3030
8233
9333
7150
8702
9034
6253
7972
2404
9412
1759
2029
7597
4386
8286
836
3688
1726
4781
1712
9667
2530
7944
4230
7580
8565
2883
4633
8210
4193
6529
7592
8777
2213
4741
7479
1246
993
1802
1
405
3560
2030
4353
7946
6667
1541
1633
8392
2673
9696
4410
5203
7639
8640
9134
2555
1522
3766
764
2066
294
4707
7195
2506
9448
4673
103
6792
2826
104
3548
6386
8485
4253
683
5151
5793
8667
9894
8465
8362
4303
3667
2352
2942
2800
4906
816
2918
2021
2881
3211
6728
75
2069
6175
1099
2171
9318
3925
8626
2866
6662
7110
7118
3696
8612
9262
2362
8505
7726
7075
2808
7745
9426
2101
6896
683
2916
6165
2703
2149
9376
5782
8575
1444
8308
6026
9966
7626
9950
8592
6843
2963
2053
312
6658
665
9573
5371
9169
3650
2445
8328
7746
8222
6781
4642
8904
6048
806
7958
8196
6533
3740
3123
4328
2047
9148
646
6024
5449
9237
2866
8411
7641
3177
1420
8305
2749
6790
3826
2751
5586
8505
496
3807
5285
1489
9062
1333
2295
7019
5880
5179
758
9002
5859
9157
4501
6504
5180
9949
2092
8046
4711
9732
7574
6130
4389
6675
9271
8214
9425
4856
3070
9920
8662
8355
1409
7723
6039
55
1094
1918
1585
1851
7272
7443
7359
1772
3946
2539
8073
6037
6936
2783
2121
4509
8913
6509
1183
8183
1074
6959
9391
4143
3231
4404
8849
991
2127
4887
1045
9572
3157
8981
1422
6780
6424
5133
4903
6721
7671
2975
9110
958
5758
1230
5466
1022
7738
3001
9204
8811
6311
4946
2953
9541
9350
1802
531
7828
3040
7927
7399
6196
6908
5172
9327
9683
304
4230
6403
7974
7204
5512
5283
9313
6741
749
334
830
101
5890
9640
6411
835
8945
5952
184
7098
6482
8011
137
4409
5409
2685
7668
581
2011
7350
884
2592
3752
5210
9796
5616
492
9108
8708
7592
9442
9538
4044
5331
5529
455
2517
4473
2758
2701
7922
9239
711
8059
9999
6120
7095
7666
3052
9105
5015
287
1697
5119
5496
7844
734
2340
3303
5793
6283
9096
5330
327
4426
7211
781
3295
8035
9890
5995
5957
9128
6705
4015
5479
9176
1109
9496
2227
6565
4511
2514
4613
5981
4361
2456
3066
3052
5759
8858
9335
4854
4188
9661
5632
1398
6793
8926
5784
6682
1272
1740
2161
7976
2106
3991
3504
9566
3487
5730
6131
7997
4595
7095
329
8956
5903
3394
2007
1661
2251
7693
2866
2790
3705
4849
4187
6849
126
6323
3530
1397
8062
2043
5725
168
6033
9228
9733
9519
4957
2215
3867
5904
9310
4195
4859
5212
7588
3217
3224
6191
910
2441
8980
966
3642
9519
7815
3767
5841
7696
1516
3902
9738
3592
4069
2123
2819
154
7993
4127
8720
1860
30
4381
2406
1240
5944
6346
4457
9167
2536
1718
7960
1515
2683
1601
1033
6849
1719
6873
4545
9586
7127
634
3177
7547
2756
2347
4052
749
6474
2772
8960
2855
7152
1365
4095
3096
7710
4903
8614
6597
2972
6573
8112
2006
4525
5496
8855
2596
8721
3399
8533
5847
4032
1710
3393
3140
4056
3797
3888
6881
6568
2847
9736
3719
563
3830
3166
4625
5084
1780
1221
8055
4704
5684
60
5581
1180
8914
4528
9900
8664
3060
2098
9048
1121
1842
2187
5177
5638
2426
2057
2205
1624
8144
2276
2186
1973
5441
6810
3408
3572
4383
1462
8276
66
1522
208
1245
6787
4735
7496
1803
7794
5945
850
8915
7787
9388
443
9776
1813
8851
8333
3436
6995
6960
1973
5319
2400
5135
8727
2324
9517
6540
599
9582
8061
7158
7179
1200
1892
1026
3002
6037
6971
3851
1303
1109
9590
1745
7236
1402
6948
5568
1189
294
2527
9513
5612
1279
4647
690
3602
4163
7230
552
3745
1642
7709
7275
2841
5952
8300
2194
1988
5270
2396
9643
6378
1985
1387
3614
9738
4686
5533
926
4979
4412
439
6943
5690
5085
3984
5643
5600
1213
2546
5696
9207
254
2970
2047
2557
1269
593
896
6539
2988
538
9268
4973
8277
9233
4710
2962
1118
1988
4293
5529
2426
1235
7570
3862
5218
3212
9461
2783
5757
5156
1989
2362
4477
387
1270
5746
979
2165
8636
3967
2703
4255
5291
7331
9840
10000
292
957
1987
4584
6485
764
2170
406
978
7388
3617
6790
170
5725
8298
8510
4438
2774
8896
5707
8519
6227
4223
3506
193
3277
7761
5483
607
7600
1834
899
4908
173
1834
7744
936
4004
8149
1913
7743
8117
5055
7912
193
3352
2773
4630
6125
1668
6688
996
4246
7262
4501
4438
539
8613
6272
1145
2564
4458
8395
7471
4630
6581
5214
5565
584
9714
3830
8326
7830
8884
2589
8022
8587
5361
9003
4711
3380
5690
2058
7626
2952
6559
8415
9842
1523
1039
986
4087
5496
5733
7909
125
2313
3123
2041
9248
9188
2222
7573
7018
7457
6513
1391
6043
8225
394
7106
1604
2435
9163
5581
1738
2073
348
1579
3596
1386
8917
4034
3233
4649
1942
9709
3313
1416
1749
2560
604
323
6484
3973
7779
2996
5363
174
1220
5756
7279
9175
4543
2793
1108
6280
4866
1455
4211
4813
9192
3127
8846
2424
4127
7139
2132
3791
8555
232
6350
9158
554
2833
3130
4685
5828
4844
4858
3399
6952
8488
2573
1494
1280
3680
4125
2497
5134
4687
7309
4325
4165
2506
3100
4643
9645
1583
8433
8199
1815
4782
3708
2368
7614
3189
7052
9793
8032
8261
3191
1335
6748
5764
2828
4380
5795
3305
6876
929
7991
537
1605
8508
3042
1057
3150
9038
2639
1583
3588
4453
6364
7295
3173
330
6835
224
122
1219
8485
3313
2553
1584
5428
1733
5963
1222
5037
9191
8502
9379
9727
6459
7886
9120
7515
1036
8158
6505
2618
8097
958
5333
1744
4130
5662
8578
705
5784
9796
5541
5448
8701
7125
875
433
9439
8448
1821
8629
6950
1199
4707
9760
5437
3827
7274
6472
8336
3778
5441
6432
1087
773
4527
1568
6435
3105
2273
8570
9252
7813
4017
4304
1289
1243
4736
7080
6042
6556
5708
9343
4107
415
9102
9543
593
6375
2366
5280
6505
7806
8063
3943
4930
2590
5511
1364
2046
7783
6285
7649
1947
6653
1953
9588
7895
6688
6667
289
9596
8726
9631
3702
5492
8733
3244
6084
1459
5609
7715
7963
9766
5778
8258
4695
8367
3768
2411
6764
7902
8695
4412
9848
5348
6364
5787
9594
9404
8805
9882
8999
7531
9513
9052
3022
4597
2295
5458
6055
4255
3172
370
372
5301
8627
5066
19
2394
3828
6782
295
8875
7546
6494
4222
3909
8633
167
9664
7437
6401
8662
4967
2265
7713
4341
6861
6359
9798
9267
6965
9321
9636
7336
974
8262
8754
992
7007
8933
4126
3653
7807
1671
6499
8380
1931
5131
8547
1595
2567
1299
6608
7534
3563
673
1874
6775
7031
8023
6041
348
3695
5677
4035
4668
290
9140
2012
3649
8073
6137
3653
5879
4159
151
4259
6089
5281
9157
4035
7848
6807
643
1733
369
1315
9958
3495
4697
4332
9535
5044
8026
1563
9079
9046
8205
8218
7409
8205
2642
3545
1857
8521
7703
2008
9131
143
7288
4639
4178
1487
1445
4820
3219
8165
6134
9528
1659
7182
3859
7545
2226
8237
5460
7656
3634
3664
2225
1042
1868
4867
938
76
9739
8640
2083
5221
5134
5723
9859
9311
7209
1303
482
6780
9467
2967
6307
7477
149
6518
1373
2374
1106
6832
6381
4739
6847
8605
2132
5066
9823
3069
5142
5913
1708
7224
1133
6841
9298
991
2504
6507
8645
2985
9638
4463
5952
5944
1939
6100
8813
9664
4825
9918
6495
7557
1008
9694
2513
3139
4759
2336
6207
6252
8248
4266
9828
5733
7459
9125
6723
9962
5631
5368
9298
5268
9830
5249
7564
8121
7700
2728
7784
8876
8998
630
6432
5
323
8945
9496
1434
7632
2054
7685
2231
6320
7512
7963
130
2989
1038
91
4971
6405
5740
6591
2586
7341
4154
706
5040
3233
4841
268
2230
5471
6699
8587
2145
1995
4434
3578
9626
6487
7615
1857
2806
1478
6171
2935
4466
7208
9377
9437
9964
5117
6027
8902
8809
6532
5959
3848
6116
800
467
8346
2622
7166
3284
4766
9160
7717
8344
5138
4203
2310
3346
3361
3787
9516
6295
8253
3076
2024
4041
9391
3492
6419
8292
2300
9302
4251
2499
5417
5050
2966
114
7671
6483
3397
8788
5642
1113
3483
7131
1668
5792
476
5028
9579
6344
7674
4183
9419
9697
4575
8809
9540
993
3453
1839
294
7703
4338
5710
2752
3655
5824
6774
137
5572
1913
2130
3037
5396
5613
4704
7539
6088
6083
3469
8783
3756
7651
4553
9805
2225
9714
9344
9569
3166
7535
9862
868
8224
1924
9971
1878
4099
3096
8366
9670
5008
6847
2706
6755
2459
3761
4294
8547
9843
7762
7329
9951
1765
8234
6107
341
7947
1802
9910
1112
9336
6123
1979
7559
8046
8301
5788
8496
1396
4153
8166
6403
1000
7223
3158
9810
984
3803
8356
7178
1564
2037
7128
3328
6622
9586
3669
4568
1388
9930
5679
723
6052
4009
4634
450
2309
421
8945
56
926
7110
2810
8277
4333
2319
8086
1668
6121
2794
8845
7685
1182
2325
7364
7803
1910
7384
2370
9649
7313
4400
372
3365
4760
1357
3814
3420
1777
2758
3475
9054
6220
2636
7330
552
4955
1768
8571
1075
913
7415
5111
2094
6091
8827
6248
4353
6210
4969
4001
9875
5720
4372
3239
479
2080
3404
250
3857
6161
76
9262
8732
2711
6592
5635
7665
4711
4205
5092
5623
7972
6554
4068
4062
1732
315
8414
7942
1635
2415
7816
7354
3138
7406
7832
5218
809
4433
5426
3321
4508
4687
2053
7218
7630
4039
1235
2340
8244
2678
4314
6215
5583
8381
276
7315
5047
5042
1608
6681
7456
5775
4034
6945
3180
8217
2162
340
2649
3939
12
7156
8626
8416
726
2607
2455
8312
1299
698
989
5612
3264
6571
345
9891
3885
1743
4932
1844
4776
2387
7618
8809
5684
7149
3378
4197
7488
6026
8136
7500
9534
3113
2267
6611
5719
4721
4922
7017
1770
5910
8981
5033
8832
5677
4924
9069
7419
9855
912
2194
8594
8530
7355
4277
2030
732
8473
9518
3109
2960
3369
8994
6072
5635
5604
8143
6708
525
1511
8477
2786
6843
3510
1618
2519
4785
686
6290
4639
7949
4835
9584
6478
2189
3860
4860
9272
8685
4377
8733
7996
4097
7726
4068
6083
9682
8562
2790
6558
72
7619
9344
6915
1128
7313
9433
5912
4350
2074
6902
2298
6909
6486
5128
9097
6697
9987
4721
5381
715
3453
3377
4811
7530
3796
7245
7211
2357
6387
3769
8780
4005
9464
5694
1484
6776
1479
3747
1125
3552
648
9774
6812
3485
4901
5909
182
4887
6981
1914
5601
433
1642
6763
4314
5437
4008
1525
4145
394
1645
9277
750
7460
1322
2233
4235
2800
2331
1711
2704
9330
1484
9515
2815
6385
1775
2996
7623
5107
1261
3224
5539
2903
6338
9853
4691
345
7729
5188
7090
5725
4464
4191
3184
5785
2775
3770
4937
5105
5480
3992
4435
3315
9858
7249
6051
7985
6596
3674
3091
7856
3249
8630
7110
9586
4834
8153
6283
8914
3340
9724
4638
4155
267
4173
6291
3041
7942
1227
8146
9773
5218
8932
3087
1428
2532
5490
9412
9127
5515
2502
3334
8763
7483
6796
4700
8668
4948
7334
7581
4639
3410
8570
8793
3676
2742
5083
3068
683
2662
7565
455
4231
6496
9894
5658
9027
5383
5069
4505
897
7571
4191
6011
1405
986
7062
73
2285
748
4005
6923
4157
2575
2067
4184
1668
7149
7251
8703
9810
4816
5509
4041
7663
5402
6050
6690
7136
1119
7546
4384
5041
1736
6746
6445
9073
3808
2869
7709
4555
3226
4631
5063
2152
6697
9246
3819
198
6496
2521
6359
7663
4382
6751
5326
6135
2801
8367
3271
3919
2264
4006
5311
352
752
1755
5776
4559
976
3485
5465
4201
8115
527
6352
1164
9772
6522
1361
2619
5395
4071
6634
9776
822
8311
5910
3622
6677
5532
3892
5292
9538
9202
5643
289
7308
1419
1199
8283
4903
6663
8835
9369
3541
1538
6884
3312
8060
4596
2282
3454
8667
8915
9581
9488
7225
5490
9461
253
7374
3352
1897
6911
2553
7539
3551
6212
5309
1101
4495
6563
4115
9681
2284
7655
1219
9167
7318
9278
3763
9599
9083
2429
4866
5015
8268
8442
6856
7728
5047
4229
7431
6943
1139
6335
833
1041
2546
6142
2141
3392
9056
6255
3073
1339
261
4291
506
7578
9920
4268
3529
5354
3048
4746
368
7667
3187
7223
1746
4585
7804
9176
1527
5294
1862
2360
6335
4407
4853
4827
7799
3908
7434
7223
5247
7694
1513
2104
1624
7784
2723
1504
9489
5770
2601
6208
9788
2139
3430
1533
6724
7585
7060
8250
2879
8921
609
9213
9679
1813
391
7477
5721
7824
4699
967
1870
2563
9422
3493
6698
2144
1348
6186
4265
3948
2393
4052
6086
2175
1936
2809
9759
8995
7411
2637
4267
4371
8201
3945
6184
8592
7774
1904
2767
8824
9222
4636
7739
8643
4480
4436
786
5827
622
5050
6126
9366
5453
2212
1540
7388
1372
7651
2734
5134
6639
7000
9505
4840
7296
5688
9783
5069
3943
2549
245
3164
7185
7983
8158
1664
2418
5295
3843
9391
6696
9968
8757
2148
2179
6648
9535
9903
4298
2268
5036
7289
5619
4540
2128
2914
6579
8262
4335
6873
810
4579
6388
4346
2561
4545
6010
4978
9839
9852
4369
6534
6171
9477
5033
4702
2476
919
4604
6774
3186
5991
4062
5156
6883
2541
8070
3461
802
2404
6686
7963
6982
3073
2309
9542
7618
4670
871
3808
4521
1591
6694
7043
7419
8078
1744
9895
8997
6347
6668
8534
8690
7081
3690
5572
5973
1759
5384
3126
514
2069
1088
3847
5142
9748
9740
9111
4417
610
9270
8937
2201
2315
2332
9619
393
4075
9513
9389
6774
2532
4274
5463
5964
7963
7386
8288
6073
2769
7765
6586
1190
8853
432
2683
8600
171
8145
3017
7133
7414
8305
5685
6081
636
1655
2825
1063
7520
8565
7836
6403
2838
3298
8719
801
683
7006
6873
9803
4771
9811
992
9975
6594
3674
4926
6765
1818
4294
249
5584
8951
5933
8016
5938
7587
840
7000
5106
9404
4835
7861
8593
4484
6579
9393
1518
9936
2618
7673
1058
2428
8664
1032
9021
8690
2310
2137
6859
2955
2385
8794
1905
4669
6809
7843
2256
4000
1194
3713
3403
6029
1573
1996
6864
4503
7740
4734
4439
357
2406
5496
9136
7421
2880
8157
6110
5189
6645
9321
8143
5382
8114
6400
50
1275
4242
8657
5274
1787
8722
5029
4167
6646
3376
1031
1149
1115
2116
1939
7824
4521
7434
6959
8293
313
1467
4403
1853
4464
75
9996
9845
8188
6395
6246
9462
6988
4903
1088
8774
9976
6116
9293
6621
9491
323
4121
6957
8790
6059
4780
3310
3493
8091
1602
157
5909
2356
2010
372
2430
8357
6568
6970
4751
2814
2783
8090
4068
222
3215
4043
6337
2507
7015
5827
9181
1136
2784
7970
3546
3915
7631
3390
2005
5585
3547
4266
7940
5556
4637
6722
3912
1205
43
5014
370
9177
9455
4437
9399
9021
4831
5735
1528
1845
7914
7060
9332
7049
5030
9230
963
9012
2619
9320
4596
2517
3585
8888
8072
4573
5609
8335
2129
2003
9700
2498
1179
5506
3286
6929
4527
8116
2664
2406
6313
6929
9465
5644
3977
846
4873
1291
9858
3844
6962
805
6360
546
9692
784
1471
1652
5470
3599
3654
5170
2449
1185
7027
5734
8113
1553
3850
7128
3958
162
4056
9775
2157
4384
6972
3382
2027
3181
7225
8988
3986
3584
5886
3677
719
7356
5329
6189
7306
5334
1358
9754
6518
8384
5488
4631
6289
5689
8110
6598
2202
2166
6372
4358
2901
3344
7739
4927
6524
1315
3915
509
1251
6152
538
1969
3507
2218
8157
7164
7551
5866
6918
4069
602
8757
5051
6890
4445
3160
9839
6646
1677
6211
7355
4578
5906
1446
9504
8781
2760
9770
5642
4010
5921
6179
2331
5779
8396
487
2943
2298
2705
6212
2718
3306
4968
7768
6547
9412
928
6385
2409
8956
8947
9763
3533
4852
1208
9389
3633
3968
9158
9274
4329
1431
1804
3011
7209
6551
3498
151
8848
2554
2714
1566
5859
7681
5685
8757
7092
2964
1493
5852
1920
440
5615
1804
1643
3174
1192
1627
3493
350
7252
7822
1780
9055
7184
5340
1957
681
1843
7157
3234
4556
8722
5444
2237
758
552
5680
3722
2045
1532
1993
8836
3498
3796
478
6671
4988
2105
164
1689
9356
4337
9820
4763
1520
5159
6719
8553
7001
3875
8138
7909
8948
9934
145
9706
485
2176
9779
8881
59
1771
7716
9908
5566
4546
2931
6905
6650
3094
8593
2357
3782
8412
7119
1653
3571
190
6557
6923
416
1047
1183
9364
980
7679
5421
7816
9855
5199
3049
6265
3321
7116
6173
5238
1661
9103
2143
4662
8548
735
7019
8681
5499
489
6685
5421
7030
9594
2343
7446
640
9878
3161
7971
7556
8581
2138
3762
131
5186
27
9803
8654
2551
5040
314
8005
7182
4976
6552
4269
8346
1584
9767
8834
8268
5187
2216
7861
3881
9661
4852
3758
2821
2822
7666
7753
1312
1427
4235
2849
7805
4037
1502
355
5428
1816
8359
2610
3143
1262
3230
1488
2845
2996
6673
7465
4534
8888
1677
8414
4900
2881
8524
7720
2054
6189
1824
3365
7615
6058
6214
1772
6446
4067
2126
1874
5882
6837
835
9024
8098
4064
6863
7295
3411
3536
1111
7944
8775
9139
2709
3675
2019
7584
7746
4073
3772
5922
3789
7739
1979
6354
9510
4777
421
7987
6650
6302
4823
7484
1678
9273
7899
8540
2919
1309
8427
4029
5604
3554
3167
8312
7228
1538
2248
1325
1962
6019
7246
5750
109
5577
2104
9618
353
2524
3957
7002
5177
8779
837
6854
4403
8735
1746
7321
43
6524
1349
1998
77
868
6661
3656
8757
8908
4981
718
4927
8578
6467
1387
4154
4922
1005
4506
7445
1313
7859
8974
91
8695
5827
4494
7429
3924
8166
3823
6800
5867
5820
3228
6734
2481
6884
1842
1388
8216
2559
2666
3145
5377
4053
7299
299
1409
1804
4095
2721
6015
3068
9163
4709
5247
3656
2138
5522
8174
5960
8673
4040
8132
1901
7125
612
5136
8966
1999
9703
1524
4665
2847
3252
5069
145
9902
6477
8301
349
9197
4315
3416
8359
5375
5014
8367
7512
6888
6540
9824
5560
579
7955
7460
7703
4918
8947
3020
6916
8649
895
7932
1496
4146
3000
7992
400
5828
2644
748
5024
6958
4163
9735
2333
5529
4453
6196
2416
992
2371
7975
7922
325
1787
1976
1594
733
4995
4862
9382
5889
2793
7229
6386
2145
5220
6785
4324
7864
7532
9348
1173
8047
5434
9857
9927
9886
2405
2342
7229
4775
6668
5150
1452
8454
3477
3045
5539
8471
7906
1272
711
7051
8500
7096
5547
71
3881
9870
4286
7764
9217
5459
2162
1002
1667
2088
887
4071
4429
8115
8846
7449
9616
6649
5902
3092
9693
7792
7914
3951
9063
8624
1001
7562
5720
6547
7633
5952
6416
8270
67
1985
80
2229
2986
1747
4316
225
2169
5097
4691
1014
2545
659
4014
4798
3750
3707
2590
8016
4009
1652
6639
5009
5566
8710
7907
3198
4661
4322
7819
1080
2658
7899
3308
1996
9645
3975
2220
1813
9071
3262
9179
7967
3920
3192
2765
4022
3250
1706
2037
7258
3357
5027
8618
8922
3737
6524
8471
4749
7198
6290
5828
9855
540
5487
1850
6536
9462
421
4700
4884
35
3878
2851
3954
3422
1967
4327
3023
24
2715
6633
3380
7742
1602
8654
1478
8126
3476
2578
1675
6117
8406
7881
6656
3892
9731
3191
9705
6503
7891
4589
6537
8120
3791
6843
7893
2109
7521
7268
2132
236
252
1863
4329
1853
6868
2158
6330
344
4735
4356
6460
3140
2237
9468
3384
8319
9010
3088
4821
3252
4028
7710
7724
4170
4552
5616
6278
8424
9235
4761
5011
5838
6624
9339
4043
3491
1496
372
186
6231
1080
6646
5722
3316
2465
9105
1634
1474
8545
6454
4726
8924
515
2449
3094
1418
4416
5723
9842
3
484
4852
5840
3459
4191
9882
3301
2038
6606
3487
8268
7685
6484
342
1000
8948
9446
2633
421
4342
5438
1498
3266
5953
3946
6359
7370
8362
8433
3563
4716
8916
8415
555
8726
8957
437
2027
994
3394
5513
5614
1078
1996
5955
8429
7295
1752
7413
7715
2446
2850
9213
5711
5154
9510
8421
8876
4223
6853
2438
8938
2121
7204
9493
846
2512
6281
2872
9858
9674
4736
1823
7103
3083
4129
5531
377
5880
2943
4444
8325
2144
3656
387
7298
9517
8807
2525
3740
2012
1314
9029
4132
4870
8521
4977
7381
1153
4201
3590
7178
8936
5412
632
2019
9540
2514
2395
1772
5456
6838
96
3952
6845
6835
7601
6362
5641
125
6453
4004
7790
5481
8135
2659
354
9464
40
7858
3664
3629
1388
2599
5393
2019
969
4932
4533
3364
6703
6340
6553
3151
291
3398
9985
4243
6111
1977
719
8915
5981
8509
4395
467
1167
1100
9930
7558
8958
9945
7539
6697
8896
2931
8715
9864
7862
9599
9579
917
5939
6132
419
2581
5881
403
6824
8343
8731
7542
7257
1063
2402
8003
1530
3569
9103
7811
1126
4412
7756
8664
7460
3003
1594
6174
2866
5808
5773
2445
3076
8063
4928
3494
6995
808
248
170
5502
8978
7712
2758
6393
113
7112
7922
33
2566
2084
1159
6977
6191
6174
788
9193
4120
6962
8411
6279
9086
855
9354
3500
2134
9199
494
9293
9446
664
4794
4775
4727
3903
1167
1191
1014
5440
1224
3580
3876
8734
6908
66
4907
7696
9259
9026
4657
4021
5304
94
4875
1009
3593
3360
207
4086
2652
9652
4749
3797
779
5827
7699
1945
7018
8712
3737
8241
2291
7612
6974
5551
7677
8232
3246
3287
3610
4254
7307
5265
4347
8533
6274
4291
8244
6480
8376
895
2484
9477
4691
3262
5303
8741
1558
2320
7453
1646
6912
6095
9257
237
7997
3286
8469
1242
6572
8430
1847
231
3694
2545
5115
6319
6835
3359
9151
1563
4253
1634
7391
5296
1247
9045
388
9156
7717
4192
802
4628
287
6410
1217
4635
9695
9685
5877
6267
4466
4075
2849
8159
6620
7963
4478
3454
1321
3628
1368
1926
1613
8758
7221
9211
7803
3960
4718
5519
8152
1871
6498
4790
8281
7714
9424
7975
3750
1652
593
8215
5727
9793
2726
2346
7756
3555
2151
9076
3534
3519
7353
1498
8628
925
708
2782
4885
1777
4652
3036
3648
1150
7825
8280
5215
7248
2606
8965
8900
3199
3531
4626
9343
6256
3323
7098
9810
5473
2526
3343
5343
9878
4840
323
803
1899
3104
5687
28
7756
5074
27
5257
2898
8306
471
6497
911
5787
5396
461
9318
6373
9804
5573
9695
3253
1735
1520
5778
1429
6862
2008
6269
3536
9162
4519
6640
1200
4546
747
6273
4572
2355
9170
9229
9177
5666
140
4964
7414
6952
633
3786
3107
2557
3481
6360
4291
1352
8489
5720
8213
496
8340
8101
9657
9210
4740
856
3756
1838
3480
4679
4192
9001
3908
9720
1019
399
4683
8432
7350
5315
8569
457
7872
8401
3168
8514
9752
1656
4233
4317
2152
8924
2417
8160
8134
3508
5368
8241
5345
8847
2919
5888
7848
3178
5607
5218
3576
6642
3649
7278
8308
2217
4086
6179
618
7253
1045
369
8908
1629
4685
7411
553
3453
5571
5038
6960
7290
3278
2304
6136
2548
4543
335
5726
6502
5552
5653
3143
5552
2930
1450
7769
7015
3981
4738
4267
5025
1458
3175
6653
2495
585
3557
5947
2507
8594
2907
9796
1871
1562
2284
4419
6105
8970
144
2606
874
5796
2100
6425
5078
3549
545
2092
3881
1634
2711
8905
3092
2237
1910
5586
9173
5466
1532
1680
4060
790
7827
2282
2352
6462
6700
4808
5432
3195
7413
6305
5343
9512
9081
420
9412
5978
8863
3293
7611
7925
8549
702
161
458
6287
5686
5924
4171
7365
6335
4960
1543
8616
3663
8005
5316
8470
3436
4862
5882
6092
204
1745
1524
6975
7509
7501
5838
801
5112
114
5701
5813
275
6159
8452
5960
8434
8974
9676
4768
285
7570
9735
3948
5574
1402
2417
5361
6264
4651
7804
2819
2747
9328
9794
255
6828
1983
7407
8291
2096
3108
456
8722
9266
8907
1033
4051
4232
7060
5170
4516
4630
4904
8463
203
2658
880
1916
8921
1882
9719
8091
4628
5398
4236
4883
2226
6218
2289
6868
4666
1748
7323
9739
7365
6229
772
1415
6812
7831
6584
1328
8812
7840
9790
5367
497
7021
7282
5769
8902
3352
211
3530
8750
4447
4764
7327
664
7052
4194
1681
5152
1517
1420
2516
4097
8543
3931
909
2725
6866
2236
1537
1057
8377
6903
7905
5398
4184
3673
651
7535
236
532
2636
4682
5295
9962
1697
8699
4156
3378
3850
5672
1149
6365
6120
6043
6647
7028
8767
3513
5615
303
4569
3992
3557
8826
5741
4092
8850
2743
7979
9085
3275
614
3766
4921
576
1815
3619
1083
1544
7468
3106
2692
185
9225
8734
6831
2605
3852
6695
8219
4155
7616
8562
4063
6441
654
8155
5290
3397
6133
4375
3023
6746
4492
7943
3673
6306
1562
4755
7849
5381
7860
6892
5565
7085
1977
8748
9689
5829
5442
4259
6335
9409
2821
397
5849
9826
8551
1139
3222
1035
1865
6244
4133
6356
539
7805
9014
2100
2560
6862
3832
6771
106
5749
3855
2082
4496
9895
4262
6289
4154
6948
5698
3326
7345
7898
3151
2247
5388
2725
9634
7252
5320
3766
9960
5858
1570
8973
4309
481
2186
8141
7252
2291
3889
7458
725
4736
7353
4986
7376
7858
8286
9425
1183
5630
7323
685
4228
2710
3409
3861
6314
8729
3978
6273
938
5548
5245
5247
2380
7430
9739
9631
9721
9979
7089
6797
4714
793
8134
8441
5002
6419
7866
2536
8400
1540
3220
2628
601
2981
2840
3266
8061
6818
9538
8998
8717
4782
596
7448
8564
334
7079
4636
312
519
1432
1377
7663
9565
9818
2664
2336
4035
5199
735
1926
4770
9714
8878
7750
2554
2144
2162
5723
1681
1160
791
2815
8107
8238
7730
8441
1668
2365
8752
8538
148
6481
2552
6064
2650
1567
8399
3036
6765
9134
4961
7887
5199
190
1988
4104
2333
4150
6178
366
1661
6968
9532
9767
1558
7261
4559
9577
5977
9663
4467
6124
6143
7018
2187
8792
8585
6938
8179
1701
2423
3139
5939
7621
9680
7927
1725
8365
8428
7902
8730
6440
1222
4613
2558
9131
1873
7117
5059
7849
6779
9525
324
2921
2895
2510
8064
7831
5799
6242
5883
8221
5732
1822
5842
5411
6100
3918
3775
879
1819
8856
7318
9392
3468
9875
4874
1692
6991
9933
9540
121
5809
9863
3041
8703
8725
7456
2885
4523
3697
8768
9096
9428
6941
1289
1191
3040
5206
1317
3918
3376
6525
7587
2768
6344
3813
7641
8036
804
3925
3927
924
9734
142
317
8436
5218
7772
1321
6092
7821
6440
5187
3600
3380
6475
4790
2771
1680
2459
6688
1408
8983
626
527
5326
4438
4519
9713
1593
8444
3640
2517
8177
133
9185
2964
5350
3308
636
1441
1128
7075
6628
4728
6806
9454
5869
9576
7486
8327
2615
8893
3661
3240
9419
5339
7678
3937
5051
9270
2380
5042
8138
6908
5174
3674
9872
6875
6982
6859
8316
8109
286
1295
9188
7091
748
5057
6667
4585
9735
9281
3477
3396
8873
9247
5086
2902
9536
6488
8523
8267
1530
6661
5175
3055
6686
1398
9930
3667
4608
4597
8128
4893
5891
7315
1984
2990
2371
5002
7575
2106
634
7403
1853
9506
6650
6938
8759
6185
3425
7282
803
1306
3942
5977
713
6979
3726
6994
646
8334
1590
5125
3226
3832
2439
1561
6821
1162
2914
747
9619
3548
8150
7823
9405
1151
4760
8164
3687
4536
5445
4489
2194
5738
6818
2906
2716
543
9899
9713
8876
7840
4837
8454
1671
3628
14
4843
1141
2928
5590
759
2827
91
4933
2231
7593
9692
6746
1279
579
8542
2119
2772
4279
8936
2029
3347
9479
1927
3059
4706
9766
4248
9511
1436
4227
9525
6279
5367
8804
8220
2477
7982
8310
7409
212
5902
3452
3310
3532
4030
1851
5650
3154
2482
938
5182
5828
6768
7109
5238
7825
3226
9485
7336
1014
63
3212
3644
5429
2015
8215
7905
9996
2876
1665
6559
5129
5116
9868
8660
5498
8071
661
8651
552
7950
3832
6379
4717
7292
7968
2542
6870
7453
9877
4235
7515
3088
7878
9296
1454
6092
3552
7801
8967
5217
4359
4095
6684
579
9106
2181
5001
6118
831
5552
4068
1015
8282
8784
4658
6249
7677
1527
53
7553
5761
3920
6992
9990
3215
8445
6081
6766
2597
1399
8334
6956
1845
5018
3886
7302
7198
8886
3420
4381
789
7487
5395
9070
2622
52
5318
299
7931
1723
4203
3691
5642
1195
3681
8856
5991
6113
1973
8588
3864
307
1895
2060
5324
2132
9362
8873
1017
9133
3253
1805
2971
4999
7226
5592
5051
8895
5890
2981
617
6445
3023
6258
7639
3055
1465
9981
9168
3438
4920
9383
96
6814
1442
1771
8945
7155
643
6313
6287
248
4469
9257
5246
1694
1201
296
589
3442
9628
7557
9886
2651
167
7524
5705
1631
3857
1224
1420
8776
6958
1515
1942
4752
3285
7238
1906
280
9903
4545
527
4371
153
5772
2417
1353
2420
9357
4795
2047
6913
4680
1049
3431
8556
3106
5062
8764
4329
2833
3891
1287
4348
5832
2390
3984
9422
4295
4263
5676
5191
1141
46
5344
6913
8814
3048
9332
8170
4194
7730
1435
5226
8779
4865
3781
1884
6278
8896
2564
9111
2786
202
9810
4970
2591
3793
4391
6886
4408
66
8428
5548
6463
123
8812
5277
3171
8143
9798
3716
5873
7584
8941
1003
2449
9073
2886
5078
7968
5449
4188
754
5651
3997
5723
8241
4142
6465
1478
8549
2882
6258
4096
9344
6380
9260
972
9550
7402
7122
9618
9626
4705
8558
628
3505
7631
3513
8583
5598
5314
9122
2703
7316
3119
8425
5556
7260
1241
3386
2160
4122
9643
2607
9818
2374
1866
7141
8276
9268
4262
7893
5245
8967
6450
5873
8823
432
5737
7405
6030
1050
6527
5084
8365
5997
9861
273
3256
1101
10
5415
1575
6004
4373
1392
8377
6239
8532
3004
1858
2794
896
7102
8112
7346
9326
6934
4129
5063
4339
6510
2464
7217
1594
7181
3213
1454
7453
2820
8906
3814
4586
480
6169
8958
1871
897
5196
6755
3901
7053
9548
4796
507
4011
8493
9832
944
2622
4894
1634
9131
3710
5202
7076
890
8414
4881
4694
7585
3787
8507
2170
4266
1027
1128
2489
1923
2675
9243
5823
6080
5142
6971
6586
9152
5463
6417
6447
4436
7663
8081
9919
1372
9634
6994
8613
8048
1875
3306
1984
2013
1812
4154
2630
2838
1633
5118
1112
659
712
6935
6738
2205
3905
9675
1356
5719
2444
4155
155
6458
8587
6425
7829
8220
9770
6441
2619
7996
6098
4603
8
4261
8756
2638
3450
6740
4107
4561
7398
1171
1495
488
3375
1751
6514
4731
7470
8957
8885
3976
5414
3823
6752
9594
2042
6521
2386
4661
4517
8483
9263
4524
2743
4370
3513
6192
7461
7620
7105
1210
8790
4951
1697
8516
6702
8211
3246
523
3519
8482
850
5285
2304
7601
4878
698
473
3616
5358
4989
2098
4620
5865
1193
5341
9377
3736
2801
3348
840
4010
8489
5791
2059
7005
8844
6621
6602
5718
6491
1436
6567
1775
91
519
3005
788
991
6620
6145
5980
5069
7116
1844
6261
8808
7572
6349
1608
920
3540
1970
5760
5682
380
2764
4525
3352
5718
242
9842
7153
3160
1617
7243
3678
4621
8031
4669
7592
527
7000
2660
3995
5195
8921
2802
2766
1621
4410
37
5160
2731
2149
842
9462
4912
1718
2813
629
8312
2654
4133
1471
622
1376
5149
1594
5758
6169
9185
2636
3168
1845
6630
4714
7117
9432
3831
8737
193
3868
248
9275
6016
7441
8736
7279
9159
1548
4260
7470
553
4744
5292
7527
2471
440
9120
8228
2960
8305
7216
2479
6501
3845
7192
3617
3276
1023
8705
9820
1242
5304
9094
3609
2745
7829
7239
8255
9376
7850
2076
6281
2594
7367
3807
5064
4159
2926
9644
7118
7582
6859
9597
434
703
3140
4050
331
514
9106
150
1755
762
9244
1715
9858
7072
8954
8112
2800
6803
6539
5432
9396
257
9238
4460
4415
8515
455
7885
6097
7313
7481
6530
8015
6972
6932
8345
7486
2389
4847
5592
9502
4090
7307
9359
7513
6260
3822
6664
9414
360
2095
5162
617
1332
5973
1383
6199
6427
9267
8647
3739
6747
1528
1753
71
4811
6450
7556
7200
7648
3147
3053
8089
453
2412
1953
3064
6233
8617
8830
2945
7063
3991
3561
4747
9963
1295
945
6389
562
9591
127
3660
1118
8231
3730
5929
1032
1285
9480
5031
784
2532
3119
7588
1295
5072
652
7528
40
9481
472
7102
9823
384
1848
9785
1678
9144
2525
8591
8734
9003
2251
6204
7233
5980
8484
4617
3617
4315
5999
4400
6846
9118
1987
8141
541
8990
2020
580
4822
8843
4033
4644
5578
2233
780
3607
1376
3304
2198
6462
2306
4448
2665
5891
427
1148
6859
4043
5462
2857
4794
8659
8326
3133
3151
8866
2122
1522
5797
6944
364
9830
7939
5941
8414
8719
9548
9789
2022
8097
6250
680
2544
8914
6570
2970
6413
3428
3365
8226
2636
4510
3237
962
7642
6387
9827
9764
4261
1976
3059
4624
1805
997
6917
218
6067
2816
6358
8089
912
2608
5120
3455
7873
1689
2776
638
1468
2492
5215
4103
7002
8451
5064
4643
1190
1243
758
5450
3218
3816
6425
5022
1165
3341
1591
7231
2508
4300
1671
9771
6907
6790
9577
1132
4830
2353
1769
6297
1196
3335
400
4549
1786
1815
9192
9327
3057
6301
4776
6274
6469
1200
7647
7633
893
5589
1215
9752
9889
2886
9523
3147
6027
9099
4278
857
7803
2398
7153
5351
5733
3904
9899
3870
5719
5442
3196
8775
1743
7971
5049
8211
5522
2695
2195
2766
8284
3409
2518
4524
2646
8392
7670
8673
3842
1948
9529
1645
697
6681
6995
6429
6937
3245
298
2655
8687
3493
7781
6781
7815
2829
1343
9689
1876
3537
8806
6511
6945
1323
1034
9591
6066
8703
4615
9908
7002
4143
7904
7699
7175
1250
4127
4111
4494
777
3117
3180
621
898
6312
4788
3726
7654
4476
1953
1190
3281
8463
4487
956
5848
429
7021
4551
5043
3280
1552
5537
1183
5602
2711
2432
9729
3174
3278
6857
6290
6457
7477
7187
9121
2264
7265
6774
3091
5569
4316
6372
384
8802
3679
6231
5582
7051
7133
6976
331
5037
2512
7865
638
5222
6649
6718
4747
9926
3574
1037
2734
7403
4575
1854
6018
8191
8628
9109
3760
2943
1832
495
8096
5510
6725
29
2560
3858
7004
9242
5246
9515
7107
5883
1088
107
8953
5835
32
2526
3223
2765
6280
7797
4619
2298
2340
9598
1406
2451
2540
9589
2945
6987
5098
6021
7015
4009
6230
4018
9603
1475
9884
3061
3710
971
3167
2662
6805
3198
5187
27
5962
7819
4176
6932
116
2867
6529
7873
5317
5420
7461
4613
2406
8910
633
5772
9270
6863
6141
8872
4689
6024
1932
8398
3347
1450
1059
6503
4647
2598
2882
609
416
3409
3892
6883
6275
421
4755
7943
5840
8567
2555
4598
3828
9539
369
3097
2753
2862
8321
7442
5237
6604
2191
8583
8054
3250
5086
2700
2199
7967
9660
2614
7727
3552
9496
4001
3972
602
1943
6163
5520
849
760
9347
6739
1129
8795
5844
3990
7115
3285
5578
71
1827
4161
8124
5076
5598
7175
3626
9916
6835
6239
7642
6738
2086
1642
7061
9039
9936
3223
4558
7136
3983
256
3874
1463
5403
9717
1804
2517
9353
7381
8939
7532
1541
7062
8959
3490
4237
2585
3405
7423
5175
1046
4160
3613
9039
7572
2651
5326
794
3561
2461
4776
168
2687
6238
5570
8755
8041
4439
4460
1774
3377
1991
3314
6791
949
6804
1027
9885
6560
4801
5060
7606
5312
8672
2996
2883
1322
8322
28
1234
7134
4804
1402
6172
7393
6971
4927
1786
7761
5738
3559
1138
4080
3224
7928
1380
27
5306
1265
6587
6458
6324
544
1769
4995
3539
1003
2668
8212
1030
3902
5346
2185
1655
1517
9578
4977
2795
7715
2738
4884
1273
3875
8963
4496
8154
343
875
3459
1607
3813
6268
4282
708
8036
9276
598
5390
8295
8810
6419
8548
507
8604
202
8375
4533
5179
1170
2247
4268
2405
9871
4494
1368
718
2647
8062
7944
2457
6020
1756
8724
301
8815
3111
5928
9413
8500
4222
4574
4918
9122
5080
9873
9323
3454
4405
853
975
3003
1472
3380
2873
5965
1099
3591
8611
9160
1534
7419
1531
9642
6142
1831
8456
9252
4110
4220
4103
4683
8793
9021
3804
3872
5245
9479
3678
9650
6683
4652
2652
8155
4383
1877
4119
5481
5467
9082
992
3352
6500
2522
2993
8994
704
7801
4597
4813
2020
8700
5848
813
4072
6003
1036
9316
5481
4713
8965
8516
9365
7969
3022
3747
9845
7140
5580
1663
2573
6571
5014
9073
5445
4359
8066
6148
8511
9014
7313
530
7713
3160
7694
1784
5514
5082
1100
7347
9794
6416
5862
5510
736
8883
5609
580
2374
1188
8594
4947
4110
3608
371
9554
4318
4788
2054
2828
3801
9366
3357
1514
8877
7403
9649
4390
2484
7100
1736
2277
9868
3949
4139
603
2831
9747
7535
1557
934
6128
6503
1395
6087
3225
949
404
8012
3002
3231
8164
8719
2940
6029
7595
342
5678
8336
2825
2777
6424
1453
2644
372
5591
9599
9555
1689
7133
1111
8974
9612
3965
369
5699
7189
1317
6102
1552
670
9333
9715
9388
2272
5744
6982
8965
1421
1669
8141
549
8092
9593
9545
8464
1536
5495
8018
9576
2627
9128
8550
2238
9444
8918
4288
6632
6586
390
8183
7255
6074
7897
6642
4697
9992
9975
3661
1412
1643
1801
8313
9735
7745
4209
4550
5632
9703
8919
5208
2329
4398
3757
918
3841
9026
1558
472
5611
1947
5006
2865
4372
9254
9506
9068
9246
5832
2728
7009
7474
4528
5321
3560
8624
9529
8109
4256
9231
7027
9463
7911
1424
9571
5181
5264
8596
6738
2087
558
5036
7092
3422
9407
6346
9279
8474
5591
5110
7553
2599
8935
8432
4272
2495
7055
152
603
1310
9383
3982
7124
3645
5405
3046
8825
7021
7993
5562
9107
8550
597
2551
8323
3
8896
3953
4828
838
5414
2380
9788
4349
811
4059
3195
7866
4211
149
5527
9945
4130
9003
3589
5887
8400
2414
2907
2745
4327
8365
7646
1276
915
5969
7630
6162
6273
2458
6999
8039
1189
6787
8739
8352
7197
1933
2569
7759
2081
8095
4055
6211
3449
7644
2097
8201
6409
1355
945
7087
9719
8590
8362
634
910
2344
6795
7183
1153
146
1573
2341
3284
311
692
480
2243
3260
4591
675
7707
8645
3237
7507
2640
5333
5707
5400
3039
6651
8839
2758
5241
7200
9743
6150
5895
6537
9684
7047
3034
1256
9388
6317
1566
6431
3149
160
9691
7739
835
3749
2735
4071
1255
1727
5756
6962
7126
8794
3612
5964
7903
5204
9516
7645
1354
5410
534
1037
2457
3567
8645
8196
9884
210
4626
9384
6722
668
7122
7556
4416
6208
7978
5671
7934
85
8984
1412
8879
8947
3727
6781
4151
9594
778
5504
1356
1311
2892
164
1229
7888
4711
1112
4450
9336
495
1171
6356
3968
5078
771
6528
3055
2793
813
3140
1776
8576
8370
723
2303
1502
1225
8248
2279
3080
5955
9941
5971
6118
1170
3859
828
8633
4660
6516
5480
5830
2871
5799
907
9993
2326
313
2786
3139
3452
913
1714
8173
7987
368
9675
9211
4968
8305
8642
922
8246
4613
3392
5767
4823
571
4399
9482
7086
6230
1663
6308
2029
2569
6301
4354
2881
5438
3844
2685
2702
1910
7209
7041
8629
3235
2603
3596
1540
1245
870
6137
2209
4261
8255
3383
4831
9005
2864
8269
5235
878
4576
7263
3446
7228
7968
2678
2665
8164
1714
1719
73
5275
8759
8701
8509
1361
2297
6400
8957
3166
2536
1165
3778
7142
4547
8608
6147
3762
3228
1381
4639
7804
4995
4436
1383
9314
3466
400
7477
5179
2118
3901
453
7228
2602
5314
4940
1250
1713
3897
767
601
5061
4544
7742
9608
9503
3888
9721
2731
1620
4360
6886
2966
5147
8268
8632
8612
5019
2460
143
7136
6361
6947
4363
8962
2260
9303
6563
3973
9551
7329
925
4611
8224
8666
570
4078
8906
291
6808
6877
1002
45
6195
6148
4665
4826
1112
9683
7285
1254
3171
3645
4552
3885
8958
6812
9539
5520
7136
9089
9200
8060
3700
3775
3077
621
7853
8334
7263
1012
5211
8264
1057
7757
764
2073
2582
1875
8107
6218
9480
1277
6215
4031
5162
1524
7194
4700
3396
681
3789
2595
8740
3840
2722
8169
4460
574
6502
1723
1585
8064
6338
8993
5820
3453
1065
4753
5327
9172
971
1158
6800
3537
1541
8313
5060
8734
3013
8455
5767
3153
7402
858
3344
123
9026
4155
7048
1880
5877
8632
9943
8567
3977
5763
2019
1393
515
3698
6916
7837
4855
3716
1373
2747
2028
2785
7833
1392
7591
3599
896
1344
4456
4239
7818
9834
8394
4865
1713
622
9849
1655
9188
3825
7417
7559
1569
4284
1256
8485
8472
2462
2200
6197
5209
579
8981
9393
8323
2923
2991
9218
4267
3798
3457
2084
3631
1850
3301
5343
2471
3149
3350
8011
3325
7118
5569
1245
1401
6824
9729
6225
5637
8280
2421
845
8859
1401
237
3533
4323
9579
2750
4941
3377
6206
7025
3359
4407
6677
5054
3230
6177
8403
1240
9501
5520
3160
745
3273
9983
6826
9497
1971
5105
1917
9168
315
9669
5756
3847
3991
5335
6597
8932
5063
9154
2308
8421
3561
8984
3474
6790
5160
8228
8029
1012
3748
7540
8108
3372
7522
1285
2868
5844
6390
1136
5011
3056
804
767
6903
1146
6101
9851
77
7515
5356
8736
2287
8916
4071
5761
2057
9230
3988
6437
6593
4087
3976
1053
7458
1497
2337
325
3693
5078
7812
8703
8134
8615
9469
1388
9761
1921
7590
6189
9435
2945
4925
8074
1861
8995
3834
3917
4577
4173
354
7521
8260
4329
8573
2069
2178
910
8746
5870
5987
6557
924
472
5172
393
1859
4932
8665
9448
7472
4452
8745
2396
2525
605
7743
2710
873
2319
6882
7578
9839
1493
8259
4764
9914
6788
5673
8659
9009
8011
5215
9932
4835
6738
6676
6693
8021
5341
2493
5493
6144
1237
4240
8668
8193
1982
7729
5417
652
4610
2995
491
2455
7605
1606
8720
4392
7278
7378
3400
1640
8944
3331
6474
2034
6359
9519
54
1699
8363
1898
4194
9599
6138
2861
4143
8119
589
9559
8771
1550
8905
5613
356
6509
7218
9075
900
847
2804
651
8838
8100
334
1664
133
6692
1182
6538
4742
9544
8436
8935
5494
4573
1795
9636
9043
8735
9194
4165
6636
4451
9777
3344
959
3346
2418
8211
544
1574
8861
9382
6025
9194
1045
6157
2237
8578
9046
6978
4473
7481
5912
9966
8405
4058
5953
3800
9144
1498
7964
5780
5948
4093
9123
6907
3790
7892
5117
4334
5817
329
67
1841
5875
7463
4349
8111
6040
9747
5089
6864
3579
1000
6829
1984
1410
9133
2135
553
630
98
2684
6578
542
8158
3484
4332
2402
4952
8665
8218
1632
8731
6411
7506
6193
7111
5617
8584
6857
705
5447
436
8056
8627
8771
9465
7759
905
6370
8388
1002
5405
4965
1544
3563
4800
5875
5964
6103
891
4181
7735
9621
6943
5240
2165
4054
856
748
910
7912
6194
1345
5968
4820
115
1784
2578
1019
8153
7317
8373
9910
2282
6268
3472
3433
8494
9435
9536
9384
9967
3622
5356
6910
8861
7520
963
6069
4619
8224
3980
812
5921
9947
1983
6035
8083
912
3406
2587
8228
8130
2496
6861
4397
5967
294
9242
1753
6181
8625
1720
9802
332
4981
8662
7851
2295
4730
8821
518
5062
9632
6438
1360
7966
8825
9442
8877
8582
2029
7104
6711
4524
3965
7459
6843
610
6700
8595
6790
1676
6666
6591
8359
1646
1604
2561
3940
2686
1381
810
7747
1012
3599
9106
5329
8775
8548
4205
7356
6928
7660
418
1451
7976
4228
4645
8585
7279
3240
5374
8954
9905
1964
3664
7903
9920
6224
1842
2605
7604
9003
351
4967
2602
9456
295
7728
4355
4499
5084
1282
8511
1853
9085
6486
6081
3729
5071
9711
3320
444
8665
9577
8760
2328
7479
8679
4904
5672
7635
2507
4675
7985
7474
3628
3792
7768
1355
8147
8619
2790
5780
7129
995
4864
3614
3427
4945
5036
3137
8264
1832
8153
7840
591
6833
1670
5621
1736
7342
9607
4242
2016
7591
1715
1995
7734
9483
9701
2232
4453
2491
8012
1581
9837
9227
5194
3263
523
6582
6399
8787
8413
4552
2978
5355
1384
4648
7327
3119
1989
6933
7360
356
875
9075
2350
8608
4909
2050
840
9361
892
5203
7293
728
4429
8838
3990
4952
5419
389
90
3831
1292
9419
9185
2675
418
6511
5793
8758
3443
9504
5465
4317
4930
4166
2925
9838
6216
116
5550
3459
5318
2842
539
6098
1680
880
7401
3450
1268
7490
7281
8911
3261
6465
1585
30
2976
3729
8788
2770
3233
604
3439
8162
4770
6363
4352
7337
2830
9901
795
8147
9095
1333
596
7126
2213
7997
575
9832
1838
