int_aleatorio
9068261
1347642
333181
905263
3078324
6475228
6006643
5415854
4483430
3063033
9431137
8118002
8814316
7114126
314337
6608713
7815414
7775310
2550652
36970
9331347
1680082
4430136
121537
3858241
184047
5309529
5747360
2948741
9818532
9978273
2017001
3682525
2827805
5438616
9277201
1819384
3961610
4693054
6302813
7024642
6640542
6937167
8355309
3754667
9767855
4964021
1570081
59516
31024
1607050
9390863
1711105
8553537
9512399
8085697
1253935
7338279
3833057
4202675
9673162
6327681
8736028
3355687
9155485
4174643
2632887
3491220
8136252
9842292
2310385
7677246
6482834
1763903
8548906
2753852
1531757
3512927
6840284
1591272
6060302
963685
3498486
7771407
9517221
3010884
5857103
3287508
2865514
2206511
7490182
2538676
8534191
8742561
8410714
206027
5433555
3559952
6213599
6086159
3402243
8523983
6279756
2401428
287885
4828661
5155280
1819641
857939
4511915
5927264
6918241
5475600
9425750
4689647
4992820
4952985
3063101
796679
7818499
7785964
8286861
2873526
8836506
9545773
3800591
9042533
7495680
7360542
7772483
3581838
762784
6296465
2377945
5680564
6584349
9722957
3352195
920341
580896
7864109
6847604
15488
3339708
8789705
7221486
848880
3742690
284586
1645558
4077540
8070549
2448770
9467417
6907055
1994543
3268007
8465939
9490222
628548
6238421
5588411
1391331
5051237
482707
9588246
4151937
205663
2940440
5072277
786558
804549
4436232
802045
6660608
5742289
8023530
7509487
9484978
824468
9155045
3562517
1411368
4120166
3029933
8318422
6114708
6297939
9300712
8121281
9442838
8055484
6226043
834168
3106720
6708749
2938766
7258656
6914412
5879205
4847284
217321
9200105
9283516
3535718
5860713
5025804
4075599
3370199
7027133
4900066
5041595
3106001
6311434
9161761
8652285
7146207
7792820
7466575
6446919
8430453
6909412
4502402
4656495
259931
125474
3881596
3198696
7384129
3312359
1594253
2231413
3529679
794357
4031280
7065396
6655069
1573435
3657347
2541620
8600567
8557412
99566
1706567
7385197
1777678
2875203
4531404
9570498
341777
3494674
517302
7251188
513427
7690148
27470
638900
1571743
3226166
8023029
4884101
4820418
2770793
930132
8131126
6802072
511879
7302547
8375506
4169225
2360518
6976072
5242989
4976435
1198990
2628185
6754113
4074192
9675940
8840962
6932320
3170613
9358263
6699859
3684040
9564762
6727328
4322939
1136505
2469845
4862319
8536957
9806614
7633111
1983440
7937740
4435182
5011671
5240286
5327039
9180895
117155
2303110
6940235
5093589
6018451
9568420
1847701
2608994
9244359
3205014
9541313
2414972
2563276
6241171
8615363
2128038
5484851
2938301
5780894
7954695
7800620
6834202
7761309
5433730
8817642
5699048
2385264
3829312
3455685
7712302
5526558
3572839
2531764
2466793
1182779
1066566
4551564
3030480
3675560
6312274
6235493
5733224
1243597
1315121
4490747
9858959
5959510
9975597
5313612
4256755
7930291
3114231
1090956
5691599
1064312
2424949
3906998
5965927
8770612
9879034
3678229
6813522
3451872
8726344
1796666
7151003
9792909
6348229
181482
5984820
5176854
8933326
1718044
6420451
2764798
8725142
6279409
1240659
8700738
4109372
5497413
9147380
7223602
9104721
4838979
804266
4046021
1262328
9286544
2816633
1141362
2964772
2146506
7109585
4207467
3943171
4260587
4000376
2807751
6958420
2501547
7984604
8408098
6735942
6921406
1172895
5461083
5717167
4929906
6678172
9826538
427318
5825552
9566492
2048390
3180882
2887109
6094411
4443209
2173652
1427395
8100922
5138424
3573900
5210507
1862242
33422
1987445
8378969
2841172
1462217
880516
3342127
9870314
7616457
263533
3559560
5593892
5980699
8489465
2272063
8323588
8916783
8097614
7890079
3481524
1278495
777187
9575934
8238056
2950839
3519680
6338977
605614
9609931
4065835
2467855
9643352
8569632
846824
5000875
31848
4243691
859354
9902161
1860147
3639238
3461720
7454038
9619936
1951185
9726101
459875
3384319
340066
8349954
6865842
1618561
9127140
8958128
9856616
4594330
4994159
8711944
5199943
4604090
2777779
184150
6763793
1347410
1030973
4281020
1379257
7791015
5140373
3797769
9651161
8779610
7259488
9621551
915897
1727024
1864003
1375771
5111342
2204068
9725724
4493536
3822628
1369216
5968015
6195595
8479897
962173
4907539
3679840
8082614
7685317
3863989
4846407
1549078
7411313
1643778
5444686
7718679
6784150
9242454
7369839
8080111
9018293
9507741
1512359
745317
1371743
2888129
8373010
3575811
5130205
5382897
7398438
9015772
1350911
6110385
7495668
4829436
1017923
1175507
2912049
1219591
7555847
274807
5285020
7483511
1918584
729705
5202189
1219085
2488510
5088380
1815547
1506802
4596120
3327905
4768470
5967863
6216034
5657832
2060025
3862590
1040728
1974814
2878361
4907991
8085198
2890380
9737426
9103120
6582239
5165826
2839062
4138085
7956985
8124081
4137948
2391920
8853785
1856488
6127357
3858646
9461219
7942903
5365448
6573691
1270808
2650269
5057905
3193
8308100
7117929
3865782
1865180
9092742
9260494
9289522
7177940
2150873
1543299
8797411
8733111
6709124
1636473
5387548
7182460
2276905
2041847
9574380
1130690
6414686
5701736
7505687
8392257
6160990
2871134
4965947
9948149
8037755
23851
9951341
8862206
7141779
6333474
727385
8750872
8110319
16906
8445163
261192
1560204
7242574
1510654
785680
1395398
9414553
7968139
3672302
1456399
58870
7319343
387437
8276957
4825030
8779693
4437947
212515
3745639
4386095
8250269
6285841
6853788
7112475
5943971
3187261
356211
4694842
1297580
2889469
3140005
4075123
4449672
2898930
8102128
7751703
4294327
7516681
5719842
482980
1489431
8295063
7802323
1876867
6572020
5143704
656559
1009966
5356218
6918549
7912412
6122839
3204389
4766199
5751665
9148359
469812
6107875
3843201
1767391
8997343
9499557
8358865
5963367
2398486
6460992
3715069
9209164
6494024
1951262
9692143
7983455
246325
10817
9860321
9334696
5154520
516880
2861013
3027090
9951780
773424
1666280
3156169
5539623
7417944
2304527
8525786
6042170
8664079
293176
7555865
679987
1168392
3519231
5594824
145735
9750651
7320339
6639759
4218265
9528834
4623213
6980941
9539650
4483533
6315636
7210522
7516764
9176648
2753963
9984896
9950071
4420242
3141064
8006045
1838185
7961942
6531830
7880354
9142373
9341357
5436218
9822359
3026100
1471800
7933535
3171835
3738803
5253873
2327945
7957067
4782706
6951157
4938007
6838708
3951041
1253642
4049229
3984157
430289
6803191
3969052
2896711
3739784
7110115
3419108
5577968
7588408
2467289
5974673
6730780
4324998
3927243
9069491
7351097
7915394
7003025
3039283
1654196
4773249
5367227
9611262
2072307
4834735
4549268
8911014
8785776
8319261
5476594
2769932
1265901
4796136
6738983
4162612
8535919
6365449
98071
6630238
3953856
5081711
2604910
3200988
9406708
9048504
2270478
9274157
6963898
1789854
4829791
8618093
6563102
2713370
745707
8635408
7548104
5294974
62773
6333879
3614235
5539366
1620162
4880135
335501
8359144
1559098
8871419
7240944
4173520
5501656
3711152
9255231
622918
6912139
1178290
9671421
9182616
452446
9151670
3488821
7798589
286115
51922
511958
1031821
1203682
8060061
6326794
1266454
4393940
2457380
6805820
6014101
9853867
7141320
6889597
1412964
8529091
6646892
5586484
6547098
358043
7358066
7170015
7270181
8536355
9357788
8969148
8988801
1025809
2457968
6787389
1311923
5026242
7299346
2343743
6229923
7875758
1186889
12728
2269697
6160620
6818547
800150
6014486
6476219
206098
9943802
7521661
9369341
8046637
4068758
9727384
5404702
3755125
9513916
3941056
5629264
999416
5446208
9171424
5973735
4749948
2999699
999976
4565645
5343441
9746250
2441403
9046681
9758978
7227451
7723653
9093876
543952
3738138
8086446
3266401
3681939
5608106
2635742
1728575
2193216
4879477
9649628
8464692
4393392
3590684
4093955
7909159
1553243
5781730
3882894
6303191
8781428
4882869
868835
6641221
4629119
5826589
8204253
6904448
3054040
5927905
5998323
6114343
9666043
4084769
9380744
5864333
2209226
2016485
109260
4402441
6895961
9758887
2867132
3805704
5865922
9477438
1714863
7419165
7775520
5597756
6238707
6556947
480624
9623893
3198167
7626094
5450482
1402420
7046893
1020873
7330324
3045216
7135215
9512718
9646336
6515958
5377051
4371913
1048794
5486310
8774354
7944754
7761548
4157837
1750458
3627470
6151627
3465320
3562986
3927146
1579427
9801692
484092
4576402
9425584
6198611
4718848
4876065
117382
1765740
8413289
7447705
7327307
5548504
9476775
9489994
4580813
4853825
3861907
5629607
2856486
2636260
3574360
3134385
9310448
7841169
6761854
5462074
3822840
2841191
1905571
5402266
2642882
4906015
2495020
2068466
1104625
7213867
9460882
1222006
8979606
7874171
1186062
6306913
5939026
662836
5796906
519838
8033012
2175164
8665796
3405849
4811423
4756508
6540234
6638223
2597676
5818439
4616648
8936868
8659630
6522219
6855485
1302511
1428233
9350504
5887328
5049209
9080722
7864562
6271214
8060328
5738732
9973627
6883592
4194109
636463
5196849
7230298
1185826
7372013
5896094
4591675
4699787
652601
1131908
3854361
5766628
6950346
8471009
7219847
5609975
4993227
4075332
9428838
8937811
5942187
5316165
6503371
5022909
3180726
5290936
5599588
1435809
5264562
2483179
8146269
8417376
196379
5376567
9603202
84743
3789012
4194876
4784530
6957964
7843135
8638890
2724591
7309832
9626250
2460790
5436159
7135828
6536121
4864996
6073638
4994659
2697512
2577008
17567
8394590
7867943
8133506
2346750
5648857
3133036
493019
4066232
3329415
8385937
6185785
3414157
2174948
2897012
715038
9132911
740146
1870280
4373853
566330
1496529
6834642
6002488
8632357
5887114
3383835
7222346
881773
6081346
2315706
3415691
6992287
2700000
1549197
9339037
8348856
4682232
2348407
4931440
527998
734343
1117224
6458507
5425642
4014236
7173544
7074904
7270733
9043823
1448756
7837062
3056704
799750
6355901
4205412
9203215
9739735
1427757
84987
8337433
6259814
6017030
5329719
8959814
82578
4668755
9825021
7281161
9533513
4756460
7809159
267855
8390036
4267665
8209848
4920623
3957560
5284751
4707707
5517735
9249859
5061121
8574438
49608
1417021
2779849
9252822
3673108
6723957
1854161
2010540
2983771
387542
7340258
1943584
470119
4525365
1768604
7751279
4058877
9041416
8076789
6843084
9947803
4860805
5052931
4868425
8818365
2854034
9576131
4336099
2103892
4637251
5426888
4669851
8570624
8206736
3922672
2243731
4930692
8293184
4254270
7914462
8680725
4110879
2374397
1667195
1152595
6659353
1934826
7727824
5700768
2527966
7087259
8164922
7388771
2140189
3033346
8723487
7510574
5125828
3059585
9614465
2279431
1002824
4284315
3366406
9209559
723339
5610136
6656602
1532874
2380757
7087416
2729951
6491635
9461812
4397145
160582
6121164
6331970
7888405
4338283
8859936
4975663
2503204
8765058
9632203
8052901
7488544
7142777
3178729
3064480
6757241
7974511
4067303
3557908
1340916
5793213
6797598
9467403
2449814
8330471
1848159
9537229
1060421
856145
1515393
7973918
1016726
152908
6822239
8905130
4491191
8198526
6397144
9510746
6963583
6029347
7563647
6968478
5688475
3258727
32957
4962067
3749589
4100259
8519974
5090504
9893471
7833923
4557906
4859637
6164394
8922416
6913217
9741166
9778560
944961
231435
3311638
1097869
7053674
4733119
8105411
5252199
1130263
7616156
4732134
9675961
7696154
1700611
5364435
954880
1733568
326501
7220820
8350178
1362827
2311323
760001
9196749
9385580
8135989
7877494
824347
5049205
135012
3119259
5994166
366446
6430896
9608386
7420119
1164014
7713796
5188670
2294276
5329951
9920803
1970236
3026105
4137765
7334670
6497336
8387684
177523
3718156
6737862
1540349
8545830
14214
737097
447762
8150202
1130943
3788460
5715758
1265954
6907718
4226275
1632399
3338613
3834660
1568870
4502627
1548455
6757539
9313254
9394758
9194693
1283490
4937214
3332457
1134511
1434549
1720141
1312033
7669056
974354
5368733
8731238
988567
8622182
9178999
1655120
9753124
5483810
7370877
1019077
2391528
4113504
2651475
5730140
7948163
4220344
232766
2012970
3494234
9546020
1407727
2688926
3345861
6344940
8537735
6996723
295840
257875
825108
7964896
3748580
6193840
9212485
4737146
4816021
907835
8908617
7085496
6391644
6279493
8104572
8783171
392996
3272399
4513311
857511
9094
7262428
2870480
3503328
9324799
6794558
8708605
2670659
5655849
9762691
2183734
5951688
2536917
3008841
6432935
6285496
9202680
5645419
3538993
6535053
9069605
2447609
3620548
5461249
8727102
4241472
4244419
1636449
7513870
1274081
2493959
39315
8536509
7880790
6058994
7861307
4675347
7283951
3048318
2847547
7046641
5232051
8799235
9583558
757243
7748521
5869053
2476274
3393940
9408046
1527678
4979896
4372006
5148226
441144
3099107
1906049
4685563
7251908
1936270
8475995
2262218
1975584
7012503
2659360
8034578
7390162
9851058
5318528
2954831
2698605
4881520
703233
1497839
4465077
1460475
9246359
2850482
3936748
5156650
4774879
5464426
136546
9146884
3129003
3094041
2245991
7551403
7779603
2014250
9487672
8771950
6792819
3979607
5784452
9452178
4530536
5690965
9303236
2365415
1162147
2001840
7246935
1865379
6016030
1712011
5842205
7778740
7078844
2295305
2935390
1853722
276082
5588287
1000606
5921436
1198679
5762948
3472838
1494634
7777197
5476861
266583
4570015
9456467
6051034
4022193
3987003
4258351
5841780
8868769
5420497
7843619
6115703
9802228
3859648
344066
8160784
1638387
7422909
456088
7090128
9276631
3248521
5194766
277236
9169956
6393445
6040183
5159145
7888078
6333731
636005
8154660
3420097
2608824
6722045
7442289
9112178
3496747
3284068
7980946
1433596
3644038
4096649
1235823
7503685
6957066
9396606
1658424
4379974
2369046
1264903
6172956
5617566
6459669
8966543
7303874
5369465
5006725
2463018
3257542
3856807
3099023
3928553
7276904
5707846
650597
7235544
7336375
4147344
519612
5317320
5580939
6680001
1930320
9333113
4183686
8887385
1246070
8358461
5783711
6131467
9623363
1956666
4265385
8599383
923209
1569258
3968847
8446285
4032275
7226388
2303092
9647649
1154940
2096347
7871846
4321889
9331890
5208220
985584
2367853
525540
9082874
9047854
4972211
932338
5747891
3859596
2178407
4106351
2159658
826226
3729713
4116323
5091610
2329096
7555883
6660867
8814294
8518520
3209493
6040682
3337963
2857142
9711973
5434309
728987
6550213
4766198
8453559
52148
7134051
1495450
9135021
6181904
6467660
67358
4446146
2843607
4762117
8552496
5003264
5588342
4798560
1635939
679951
9644007
1708173
9857169
8458301
226692
3066661
4498982
3564654
5923802
6727306
1515314
9169141
5793871
8797864
7622699
5846018
5931914
9118148
4981039
4630169
5585807
7564748
9076314
8429414
2326864
145161
5949029
431557
4943720
7584967
3627859
4587727
9293140
3485027
3046027
2036183
6551688
61360
8117189
4991841
9305017
9632502
4160981
5098887
8430365
4300031
944905
6878630
3418178
8442295
1508798
1520337
8523394
3101463
2466102
3366610
3246623
8415130
3798166
706695
8516449
7426025
7810773
325940
3427403
856799
2362122
9979090
3434510
479310
7487283
5255878
2628164
1648263
354765
1058528
8464646
3816021
7937158
1882823
4774667
1962307
5919511
3298060
7580122
901964
6664669
3343096
1833446
2979187
4049790
349894
405211
4376914
3192185
6348965
5233712
5554306
6328055
1184573
8549968
3815337
6440451
1178131
7979951
9311567
4753010
6444596
3127587
5206519
843771
418605
7168826
9279633
3716664
7265299
181597
2897685
608394
2015042
5876871
7174536
4881287
8798433
1551449
8073471
5147397
9301513
6144128
3991803
3002437
7210447
323491
9442887
8388577
819794
1270805
5657939
7264389
4398391
864457
624511
7333347
8033282
9904144
1050011
7814932
85740
6464047
939678
4617133
2340917
630565
9498419
3655701
2182013
88241
8803097
3999877
6232368
5311252
7002314
3442815
5634742
8961552
4347743
6454535
232357
5681
6235276
7147099
870138
6859786
4480446
1419771
9280281
8046808
9234703
9366020
4510854
2690732
6499504
9368122
3321296
8514274
3023822
8019660
8602514
4343270
2019537
4834882
2170873
1538202
794048
7805615
3016105
7658142
6776501
3248461
7663823
3011776
2911912
1050312
2387914
9908709
2470082
1668194
7955516
4221136
3550566
4982721
6911867
50069
6867194
233162
8564343
2407367
769174
9683208
6750636
2788710
4518089
8921509
6843263
7828488
9243475
9859367
5486630
6019975
5624180
5666804
1548103
1052443
6717115
3936016
961151
9187196
5604209
8916666
5924684
9154774
6415738
5352902
1721195
3282931
8102416
2801889
5690297
8871589
2485096
4957284
4176650
9519537
6395144
3536264
7348024
5638618
5911982
5351005
4174945
1536161
1017808
5723047
2588603
7734922
2175414
6066105
9438470
7779622
4982770
7879505
9450748
3914859
3232406
3688294
7197789
1334821
6490182
5404437
2722761
1491629
361721
6899410
1011165
9273216
435673
875541
7428186
6347655
6226545
1603130
400167
9760705
9842528
5505122
7495626
2017941
1571226
9450447
2313914
9070348
7329951
4281013
2985206
3078709
7969306
2699347
6929881
6975839
8103783
9652642
8467468
981855
6552051
9478632
255071
9504076
2870524
7683256
5851730
9097069
1802737
8768248
8857773
4161616
4273369
8869750
6179556
8360947
836549
1009821
7431294
682851
5290834
2932851
3761559
5776491
5632197
691440
2752330
6252332
2860433
3736149
7234186
9412483
5731132
5608
8916558
8601656
205215
7284639
215076
2007951
8569239
1589200
6169566
2842607
2975301
4865473
3719905
3811849
5875294
3667550
7011052
1166127
6600401
3288962
9458969
4748949
6496753
2211298
1001280
9357185
5947446
751818
8769668
4194930
3273777
202577
2796585
3478992
3568
3011660
8003294
8572806
4600859
4172860
3931764
7576159
1554684
168021
3904360
7429977
3835570
915411
1112455
2952322
4204372
571424
7701271
701125
5299073
1218902
58309
3762871
4487071
1344328
7957800
7760848
4063257
754384
1239839
6583176
6282395
1759484
7672333
883253
8448695
1604096
8459411
3379
4288468
4880122
9949707
8124038
5795532
3578514
1076359
9999904
4149937
1293981
3217380
1965361
2512883
5792040
5728231
6999953
7136368
6202382
7277152
1199624
6956765
1033342
299151
3239159
2792826
7971483
6638763
1241520
2091930
7614526
3761250
6380398
2494647
3710957
4504435
8290179
7289470
8097145
806434
3955758
9391126
4023813
5921118
4420360
9815852
4165701
3936664
9468571
368082
1213816
3184546
9841199
4763509
3483696
5596709
7556334
1455178
2235472
1314206
3547108
9849997
5075455
2443857
2344643
8786411
6948291
3151173
8592232
7561787
6473958
2547989
6952912
497770
985459
3889623
2829974
7667511
7826287
4814896
8035592
1556454
7999442
7876790
6319962
3999489
5989851
3876296
5454667
8225322
5190501
1518126
591670
2782307
3961982
5452664
1568718
3426624
1120189
2677301
988410
7594146
7741642
457674
608268
8727100
6863648
3438241
6394610
4689934
769488
6946553
6246387
8768929
7339695
2566349
2768418
3329545
6442644
739436
4071218
4149496
4773913
4662887
6931802
1252246
2631902
1016871
4678869
3752090
3694172
8183630
1346236
1435813
1157655
1954503
2679264
8021303
7909095
1590225
5227588
8678582
8536777
1473975
9963863
5876471
4040323
2732280
9206015
2999318
5988067
3277232
9665165
3278331
456470
9113318
4530576
3088372
2646541
1725796
6840461
6340712
2425777
703048
292876
6099784
2657550
5488491
6637438
566644
7078715
1865025
9245226
5615491
3338999
9209088
4008314
9895673
4457719
5730680
5411342
2962137
1524264
7592858
6240467
1980733
6706176
3287394
7585456
9352716
5013189
6942269
8209779
9955317
7645316
1019006
6055100
302866
6507496
2692537
3385861
6102562
4557562
5147438
4234404
412912
6872877
8242717
2824937
3846947
6489749
8236278
9325435
8014012
5829136
5565901
2511096
5051663
1369646
96552
4404378
8899186
7038820
2614156
8854503
7200487
6149513
7425954
19704
5173360
118491
3405565
1275921
7192404
1069354
8026676
7605315
7942231
6269393
430251
1789177
2759141
1182881
1114612
3289504
9528368
9196864
5800599
4580030
3082862
5897150
8984407
1982047
5452321
4114914
3352901
2652808
2780778
778855
2672511
7954137
3413697
8594427
9230057
606100
9663781
7256732
727766
122363
6042476
3674369
4427891
1317968
7373601
8058854
4607471
6901968
9772070
408070
1481997
2854931
8821571
2982755
7353329
6790244
7097668
706230
1959403
9878445
1485084
7148265
348933
7415132
5742692
2095341
8021231
7922824
1868424
1265348
8045186
7910900
4939716
2473076
1745219
2313316
531930
8869042
1731635
303999
1793463
3213631
5675281
3131385
6196385
3028609
9921628
5810404
6251190
1881030
8205200
7736273
9029295
1070484
7667756
7288338
3165824
8205338
5211161
5034248
9470686
5772698
5461499
6926753
762125
7206717
1756421
3810406
8592110
3488055
4114404
385572
6701686
2306036
6033309
5414422
5334645
5954936
3741178
1585834
352318
4462729
1838459
1897964
5533213
2022566
9186301
8699036
227904
6913813
3733283
9698589
2686510
1711133
6625341
5964986
8917850
898113
9775392
26311
4386168
6406147
2928235
3604205
8712183
8961543
9018626
6563179
7432830
5276155
665364
7785147
9738884
5020174
9683110
5272096
7042740
1385762
6487483
7270643
8299574
2737118
9485583
3502435
4448250
8627275
9467421
5882451
9525388
9242812
5908762
3911555
5648958
1353348
32111
6877492
314890
1567088
3440670
7747719
6843243
4106034
8049218
9098478
1642559
248679
6886925
8685298
1634441
3374407
8472292
2450366
6111524
7957874
5952801
559774
9101501
7936573
8958576
8626888
7179384
4867337
5054794
5344693
6220684
5086904
2222185
9051925
6653991
5662854
9315996
3497233
2285239
7365213
2595710
6444150
130243
1998986
5129447
1764683
5373393
6118091
4215049
4001268
4075964
2684201
7077393
3177464
620773
6035969
4320703
316508
3419657
9375496
8177552
2156693
4462399
399736
1208617
1116390
8578942
524612
7129974
3380532
406176
2242036
9824681
536419
4241021
4954128
4817453
2130765
3588570
1548853
8648385
180885
6749405
5725777
5874701
9886529
4278097
195403
203036
7697754
9570899
8380588
9854446
6549649
1296675
3579414
182390
9875616
6620378
7312364
5772500
7026553
2070751
5597180
79323
8828123
3067659
7413128
958888
6656228
1478332
9607272
6837113
8227737
7849400
2711813
8114265
2127497
2907215
833653
2341602
4994465
1730592
4712399
4060466
5543618
8291812
4242855
5419234
4912189
4071570
1191733
4455094
8658672
9305264
7050768
7486795
2372923
4463895
8445682
9029150
5942227
569305
8382614
6686315
935056
1094426
7316931
3062552
6517993
8150583
7920505
4028809
2397526
2632903
8089274
7941144
924715
4848481
5876729
8353255
8920050
9584813
2808348
7578722
8890076
9859116
7581868
3779350
6839362
8543901
2808500
2781588
9113205
3707465
1984254
2564612
4801891
9301185
5627164
3836235
9968119
6064020
7865043
2365645
8696923
5954317
2823140
2137989
802797
1216220
491243
2239198
801032
5815943
2334271
2207459
8191410
9916138
5986809
5030771
8460038
1311660
328711
89594
5019124
2312964
2654206
2337366
1614148
797721
6173600
1582267
6861740
4038643
6464263
8075014
2509311
1803754
2729354
5828459
3019973
5736949
8067656
3821004
1552891
2918279
8544814
9744300
2834416
4531622
7291422
3810806
8359633
7620132
3900399
3378757
2449448
9070956
5716122
4063595
2385028
1889722
8162213
9246768
8444716
7142827
9838133
954026
8946580
2567487
6782484
1966552
8304435
4850139
8303907
2373677
284769
6848721
4634328
3119185
3896694
1925749
9446342
2256327
2062233
5863092
5635083
4511680
4934048
3867556
1091626
7319075
8273629
1770191
9082194
6718344
8913017
8920327
7672369
375949
4004165
4454852
4858852
4824951
1821343
5679111
7198627
2106111
2527831
1832954
7741647
8940876
3758702
7187988
1197202
8337286
3051080
9348636
2848965
501479
5732544
3940591
7820553
4006172
5710781
9419099
724516
7140149
855777
8396884
32449
4859941
5368088
4891301
9684891
7189430
570411
9399869
1811892
5614593
1232822
9553539
4555468
7507875
9257878
8269022
5845161
2308957
134009
1210477
2810435
5866552
5151067
3147340
2389076
3378199
2566438
3113591
3034700
3422214
4026826
3067148
798506
9394913
474800
483396
9100694
1045210
2399616
912586
9176154
3632437
2982476
6247974
3656663
2240353
7033347
9501823
4549310
9683707
712300
7359744
8066611
8379718
3023435
455686
4274269
5589872
3569276
7308968
1528437
7596101
2892467
2326942
9507366
3367267
5326689
8608059
6928828
7726304
9520644
8621334
1358740
2503119
7385659
5015403
4743472
4419005
7033577
1809133
4102711
262228
1685228
2169321
1158298
4708663
5141358
5432566
298534
8710633
5257885
1826971
8823086
666703
4153912
8330451
6550321
1996953
6938509
5995501
9723256
8975505
4616834
3598348
1478623
4518844
1130102
8738446
8937848
680030
547578
5556910
942258
2232806
242583
2100555
9457820
5383940
49472
9756353
6610925
7823708
4099675
5434010
8490410
769939
3764460
7557083
2766891
3219320
3552583
5006498
2194824
685768
8604845
6189799
5204611
2251298
4928244
6658810
2931328
7992174
4732071
3873585
2741331
4974653
8490491
2199150
2874945
1056314
4471854
9485869
8880021
8571529
4919878
9886782
1857819
1200689
7443864
4624709
4420008
3512798
2147558
9131184
4198565
752403
5320982
1919527
3003700
249225
8578336
8451379
757750
3310407
2324963
3499080
801411
3331805
5698229
3676355
4388118
170083
3162223
5784490
1257963
8082100
5671272
3115781
1799140
5631487
256841
6219148
9144285
2404398
7866683
5859201
5673152
3187664
7778728
1193204
5953240
8873415
9644582
6710990
2183821
4485897
210069
5501584
7817701
8424650
9177938
4722171
1111084
2340161
3023012
4885398
2938612
1210635
517530
7254104
6842122
774370
5989603
8502758
5695119
3856285
4361958
3884623
7043948
2140685
5077826
2997187
1014100
7238759
2224528
5714272
1724655
4950949
1215855
2058708
3375598
2910145
9297230
7003033
7766657
2320241
1888430
3221620
6047228
4922311
475723
2889349
5696680
6465325
1392106
3908150
321609
8270415
309124
9881908
2927452
5386949
5395447
6457903
5142060
7619974
2172174
9383066
2570922
5904381
3958125
8462871
1330877
3255354
7982255
9097533
8091947
2387036
4835504
4139174
7309346
5311227
9544874
5522377
4292903
3453331
9430527
7130864
1723745
9739650
7012771
4651196
7642951
4924569
1109098
5301362
2544543
5797624
4684427
7631816
4218356
8642552
8611039
8065584
4414257
6593293
9679468
5022555
8980329
4514971
1678080
6289674
9826197
1222953
4328403
4119100
4676283
6275281
1249963
8916380
6014930
779085
6083927
6174232
5703654
9709377
3991945
764548
8023352
8676372
8396363
4758059
9835275
7007401
2823642
6765883
6117046
2503109
1788438
7613726
7018079
3466517
3903399
6844276
4689470
748153
3479727
1882104
7023433
7246041
3314835
5554715
541477
9398762
1728946
6245130
9108138
5720891
9526029
7131489
6913614
438744
1889547
9265240
9962496
7229540
6031122
6079541
9732648
7819559
3693266
9267078
1286076
113017
8627705
8491897
861169
2107431
2890352
7884602
1869823
6205187
3439316
2411300
5603948
7684613
1172781
7228437
5921855
698810
6876277
2835468
1137553
1282175
2100707
3616400
8511714
8131829
9695941
760713
8467739
5905558
27790
9753814
6018574
8655495
762062
9396095
3279277
3652414
7280696
7665452
9857600
3236363
76751
5461547
920975
3765883
5206335
6842830
6981044
2082611
2194649
634948
3364785
6811708
4251348
1876498
7459888
3947288
5153562
5927626
2369197
5181351
8197792
8387771
6353197
8959853
7783865
9632474
2612266
7580912
7297925
2469865
817274
9891027
447763
1738248
6173261
5654097
1097429
3154305
253059
5808430
3789252
3617843
2620137
8040599
8010692
80024
4504238
3164253
6007649
9389787
861956
4205440
7777557
7215152
5681645
8077773
9363977
8293910
5658684
9178253
3280127
6475957
9069279
3727889
730556
5242540
1898338
4344337
913196
4667748
152766
4702447
8285591
2772902
5259398
8812634
5369277
2279987
1976887
3893277
1669773
2838842
8098717
1963681
53993
3780361
41453
9417970
4590622
8216488
8596222
7870748
7208796
181853
4114989
455704
7940744
8529678
4800040
8853939
3197425
4952805
6072737
3999367
242058
3848486
2812001
5611334
8644825
4788887
9504610
2830949
144080
119678
4794630
198072
6416390
7352434
2132393
1007012
8085274
3244967
1394111
5294069
3426819
8025451
5749772
3883914
6555128
549811
5254204
2268905
8018967
3843292
6268271
8261024
7691778
9080271
6388709
8852954
3869157
8409671
1683902
6529588
8529348
8994883
6727660
4945738
8863669
1376404
8469101
6948942
4621370
2379563
4759362
564540
405014
509134
6964805
9476493
3575296
2219008
1745397
4110615
6062300
8013668
2371638
6270429
7093938
1276699
7639734
3479447
9686369
9323635
9034
8215716
834870
9253045
5677805
2214890
3145801
6663257
9163831
283522
9042820
3923192
3364414
1964185
6948677
329218
1440677
523973
5064578
3186074
4634587
3643229
3716093
9522576
9913657
3326382
3315626
69742
6805828
3001994
9393376
9331214
3734062
2744597
1100610
1928218
4959486
4246410
1107827
6639668
7046284
2666998
562860
410697
4631182
27888
739914
8588210
3068212
8320843
1774283
7702798
1964071
8006727
9741726
4394079
1333109
3057351
4463820
655288
8575697
6373548
2502853
4826110
9118144
3603463
6754327
6593982
366224
7862153
3233649
9928859
529150
6312860
339555
7676683
8857100
3595821
6264893
1925311
1916663
555527
2144461
6397086
8562254
1886186
791164
2411714
7459888
7771336
3067001
8551936
4144883
5569854
3378045
5779378
1689668
2648724
4889711
4572243
510876
8123360
4501102
3556378
6952571
7357008
1233060
5809670
952828
14304
251333
5385843
569831
2395793
1782928
1648436
6798330
5090443
4060149
4258217
2861778
7127149
5326505
7006660
5213354
8704549
5302390
6903021
1353272
192100
3991616
4380500
831811
1009069
453229
300734
8366076
1686288
8626755
9318904
4216944
8878087
7221098
4786774
1273879
9004025
6435209
8072208
6610819
3011709
4846777
9472597
138857
173281
8995608
7868563
1394181
4297997
4771583
5263805
4490097
1279550
2160656
7838259
2288618
2613884
8138992
654694
6816523
6765747
2489949
1033466
5643833
9711046
5820239
6917712
1231422
4771799
7506271
7842240
299859
2353047
9831188
438716
5042679
8826796
8307278
6436860
3124792
5595212
4217016
131240
9391114
6377671
7969499
1679731
8991554
8624842
4850776
5808076
5390588
9857076
6841542
1034421
9568121
5178132
468484
3315894
2466283
7974754
3674486
2766141
2844153
3505673
5721208
7886831
4848820
6544837
6840042
489964
4656401
1057057
621203
4047514
9951079
1107053
8243596
8942632
9731895
3094372
7267060
7638834
2951447
6624953
1189606
5035920
1803084
1658089
868165
6785718
2149195
7059002
9551859
4993347
564675
7789418
2880177
7929846
4334255
2236571
8419809
1507007
5809979
1557364
5554520
5761058
2664416
6314467
7220041
4912662
9408838
4487100
2551496
4876637
1112052
3741101
2428908
5431488
7915542
5813424
2217205
64736
2872426
4285415
7574434
5953452
2074833
454610
3883297
8925439
5207532
4819458
432445
1017511
6376821
5986964
6778568
9041236
2301430
3998608
6470250
4226620
1002060
1538097
1619608
2114111
7795549
6564867
7545598
5711090
4894642
9762803
8292177
283419
6564569
5866610
6236870
8639401
8837572
2636519
7564839
4045103
7455976
7997283
7578965
3832796
6500598
4357532
5390383
1318380
872492
4376984
8061351
1874551
5915080
9680958
6505013
3710629
8762176
6566963
1938070
6173169
8846117
230247
6456588
5410685
8613208
5209809
4050086
7450779
7846327
4131276
4012234
7818654
2128559
1591198
4167801
1145508
8465082
2074536
2463887
1853925
6451519
525237
3728475
2366599
2722546
2749839
8593579
4001073
9316801
531648
174242
8162917
3278246
6630829
3573602
1891454
1840637
140039
1858584
2203316
4271314
5870817
21969
8916224
9978367
6706122
61732
8443448
8780657
2525618
297372
5232175
5567207
6542198
115125
806104
9292036
1225055
4807177
1125189
1756703
4981418
9288105
7551300
4128598
5378058
1959105
5969234
5518096
3817689
688901
9789410
2204857
3227222
8705633
2183223
9933343
1283716
626670
1230351
6325686
3440393
6462525
1892892
2498942
9094002
2698995
1790978
319056
22523
5432518
4592110
7520292
4720622
4659762
1648889
2615032
6618866
134475
8133127
2952906
823375
438888
5157763
6566948
1660873
9857337
6500290
2944588
3000359
7730640
9270273
6440751
6709517
3679516
8939693
5803518
8894863
3247022
8638925
8917385
8679539
5747387
8954029
5916512
407148
602917
1047895
9542365
3253743
9181022
2495271
6593470
2136261
169385
3160417
6313485
26721
2177059
9258073
3027079
9907698
1044697
9467830
6617214
7240565
923874
4937083
6135427
4170895
6092360
7569163
5366785
1839746
6523191
3799648
4763245
9642460
4847543
4305609
5412554
6544916
9317231
2006023
8681176
9486615
7682792
4994661
9513336
9859850
6769085
2540414
9767547
330133
4524595
8901113
87049
7964820
6354547
6222475
4652066
4963258
6307990
18850
9319355
5347532
6334850
4082599
4989991
1182392
8388208
2918897
7727307
7705438
4924919
8924834
9708405
5124062
6435846
9221740
4983911
5721282
4278505
7267810
6051415
1319452
8685274
6138463
9284271
5039820
4877290
6452689
3078
1185279
8987890
9322432
9049162
5322739
5921383
4039153
9021482
6825942
9474401
9265140
7047731
4399319
8189974
6756135
2039733
4625819
8494226
7023643
347101
2772731
4291452
8914867
6608534
2976725
7569681
8409156
532897
2446970
4861844
3052326
6148600
3849734
4891109
5197762
1688824
812491
1753266
710306
154784
1227666
9975445
7202515
8143336
681770
3958649
183068
7823941
2452875
9723063
687393
7741957
4014514
9602259
4350490
9507591
7171939
5275997
2556839
2135261
137841
5609164
8283860
6503926
3016624
5997973
709101
3829115
267590
1419406
6500250
1495255
3911203
3702764
2154943
4592972
177765
2338010
2416912
2630639
2061072
3104304
2888947
8591938
5222914
9755788
615880
2394853
5031784
3172718
7046465
7685976
1298233
7846676
6706253
4314856
3844649
7415354
660322
4112238
1351111
7160572
8123845
5262313
863335
278787
2371637
1041099
5133148
4788548
6188089
9710572
409204
1593387
8302509
8148469
1349174
1434740
3059673
8897310
7123809
106137
9099637
8422041
7952813
5805890
2736896
1797461
3221243
3397218
8426050
7088705
3074141
6549894
2351018
3937475
6828680
4722654
7494926
4478180
2027553
6199366
4188751
4953108
7792753
5007611
3101577
1658278
6442350
6161249
555587
3566158
6267386
2171576
1988198
4220198
7977465
7241445
8534010
3715059
3155014
6960059
803763
6229154
6026305
5671132
2682981
5371336
393785
177906
9849515
4937690
8893623
4038265
9890797
6686375
9045875
5508725
861005
5488224
1669974
1416591
1570733
453711
6104518
6075282
7190260
4081982
5833079
8240621
313392
8988092
7717031
1117155
7733598
3743335
6788286
416578
9114671
9698423
3110835
8964185
4636112
2004457
3002450
7043260
1207184
4564676
5068337
2068188
2569252
6738310
6001130
4139984
9708372
2105648
215266
9414983
8703981
8564696
7655603
9017373
7552787
5372633
134527
5286384
9115968
9439164
8219313
746990
9137586
3846499
9711174
6290049
5850956
5229975
5849661
9574491
9794651
917997
1642678
2363902
172658
160159
6503885
2397381
2265806
9235502
1812363
969787
7800197
9467965
9987159
7869336
4840597
2638037
5672071
6472916
2077200
3891384
7219905
3731138
254234
9447431
2537538
6105189
4677405
8387198
8196031
4472055
1821546
2355060
9352308
1994203
2515219
8372545
4391583
7297376
124398
6203945
8267162
7924595
8188261
770672
8310282
5545210
5925060
3982352
2018125
518612
390087
1754382
4249749
644321
1201812
6787286
9265861
5879216
7690836
9978244
2867623
9512381
2333303
2219930
1506584
4848521
592474
8414518
2145897
716872
7134815
2929410
1157818
5323075
6216434
1984451
868284
2141493
8483154
2886409
2660104
1389593
7157142
6909852
4550265
8358953
6213490
3816125
6754520
3904325
3794368
2138494
3416705
8644023
6874776
7439640
3492543
9983601
5854158
8154791
700472
2988972
1084201
4374641
8312046
7300634
8875443
1696682
1958478
7358597
7099442
4618582
8748189
4256583
4044785
3298453
2615535
2774626
9630929
1886406
6678950
5941649
4024900
2612007
4585671
899675
51646
594565
883275
8422155
8749356
4100099
3927478
2349908
991091
4755876
2166893
2382886
6452557
4125370
9741482
3551998
1260303
1006022
7808580
7821440
6820826
2940466
596065
8968106
7343223
7275015
4909754
1368122
2403373
2011776
4784148
2455018
5122693
8183775
3393525
3872048
4800225
7321002
8738307
8307667
2076877
905199
690552
8529433
7546920
432033
4597782
1323575
3954406
4922713
9145014
775231
7863178
9741078
2259689
7722753
9532444
7169442
9090874
1935816
1697570
6391374
6907186
6820262
7091500
300710
3208661
1891724
138063
1946967
199390
2214940
5368517
889942
3260724
5431788
3838326
374858
6755362
7792732
5297570
5900375
1084314
5677100
8157805
3344002
3399852
7690248
3029796
5007077
9626064
4727365
1398450
6533249
4063978
8489949
9350310
7272638
2898024
9488372
1735956
3097414
1703311
7104472
6503707
7480387
2536259
342032
7855244
1807973
651115
5669165
7708347
1735429
1346264
8382503
7595782
4746115
6072751
625577
9753192
5698814
7869293
3667993
4748414
4449622
4674294
4098723
1722259
88669
3587094
5974566
3186082
7806757
3079037
2206140
7803495
8131648
5064524
5658738
2455972
5715638
1327902
164318
9967418
5190518
8546821
7563200
9936632
7135923
705128
2206175
2834736
1090773
8390520
7583149
5540394
5581165
4198223
9779005
5669833
7785316
5753570
1372267
8108424
8832607
3578406
5911918
9480606
8642929
1570655
1936577
6874919
5414909
4617246
9358688
605426
5680418
6921887
3058409
2816340
143367
7780936
8167427
1234139
6171455
8266927
6774532
1752619
2465149
6553536
7422451
2766817
4823458
8794717
875240
6172416
4889475
6787158
5653021
3532403
874164
105949
2923673
8805424
7239546
2282361
9410849
2919964
1720599
4985610
8252655
1863965
2766545
8936434
5614455
8937999
7203360
4905339
690617
9668509
3975226
629419
4951677
8798683
1940488
5826916
4971098
6829962
5130425
3140470
2878716
6004589
3246418
5802389
4810012
3002316
601101
6737213
5922279
2321699
1722822
6691285
6702016
7005718
5627718
2316470
5943716
2831078
9738160
9150684
5015938
3713386
2296454
2483966
5028420
4236941
8310881
9999518
1066902
3441306
5656339
3945618
1962246
1419109
2264358
9288609
4421424
5381810
8542173
2860054
7703508
2781346
9551338
6921875
9787063
7695408
1754697
5730778
3042837
1492856
7397813
8058774
7722593
9694267
542739
2751013
3931207
1369971
5266882
7514461
7327628
923220
3976430
1806225
4858680
8757139
1094834
9280103
4138948
9637006
2140156
1842455
2418352
4207846
1280682
4721766
1903253
3035378
452544
4946089
4528233
366708
5521214
4767178
60974
8580304
7518190
6508533
9950274
5301423
6539345
9794254
6224642
515774
1600478
3599674
9272912
5211663
2879776
5928211
7365021
7536284
287017
2299724
1744129
1567698
7021489
3647381
4603075
9990384
1109821
1647660
357092
6631034
6414837
2934417
5211337
3933026
1959301
7677962
1750800
8498645
7472215
7975441
1530770
9072693
1575114
3320033
6800707
6971242
9248243
4165727
4507525
9535260
6465450
6251653
1102957
3486939
2415385
8222384
3477322
3525205
9870043
3834413
2672590
6284879
9285182
7883926
2734256
1244482
8078239
4485055
2259479
5550454
4976847
3790248
7139498
9068313
9626633
3940204
8555906
8874875
8105931
3063430
926486
7087732
1831434
4545795
574670
4246818
2768178
4051992
288374
5154572
402756
5477315
1439450
2204289
3361240
6690057
3448771
1439478
3691463
8224601
9506283
8668309
4531200
9162132
252973
4157832
5618688
8808878
5549059
3724618
1872307
6475544
3328701
6220092
3537690
3903371
2983261
6305867
471714
3271634
3976790
3390821
8748948
5416239
5595110
4626539
4622647
1560232
8582369
8314109
9784832
605003
6982418
4316031
9767135
9751742
990215
5385822
8560620
6539273
1626791
2949278
5531168
4955491
9169370
9068858
1375213
2152630
7891076
4363278
7940616
1867866
7754099
9205915
9800456
5865560
6348806
4423103
7425791
7447526
5253563
9726974
8052528
4752332
6559356
336014
4504074
7549570
8238187
3064693
6605194
9864977
8530322
2136362
7336820
7699691
3721571
1228384
2368673
1612646
5591662
309288
5996863
3345760
2031554
8313671
9211319
8380359
2736773
9153461
5827884
506687
1396786
6396764
5259019
7956141
6732777
9763092
8022063
4970964
5344136
4627256
7352292
3874457
9279969
4689111
1574148
3001539
5917495
3942820
7130537
1509156
6768459
5643751
7371267
8800012
3957421
9098937
9696723
9210545
8252397
5524606
9717232
9649182
1921369
4976250
121674
8654146
4739341
8143736
6141461
83476
5287344
3493752
6474284
4567312
8182863
8048431
85203
6616709
4507602
7215739
642216
3792412
5375841
8013482
5108776
9333262
9628770
4805498
1060158
7881166
330103
777389
46699
4767824
5753638
2684724
5938321
3009330
828460
2079781
5609157
8632155
5573532
2083441
3199466
6272746
2648223
5801020
5405806
9672177
5533110
6048021
3464588
908951
6577854
8573363
242212
8722975
5895212
3818721
9120492
6225315
4596110
9167190
3509490
2866099
4368266
9447810
8391781
7713077
4043942
6517289
6345231
2133825
8600729
2061048
922923
3765304
7862068
6328728
3437480
3395177
4893101
9418419
4304127
3987306
508134
7062690
2710281
6403345
881411
1830772
5145011
7993872
3514314
8654500
859970
7882579
618661
9251750
8112007
4662602
5769039
4457237
6796427
6886119
6518284
7719349
3167774
6896703
6564428
9121605
291880
3973880
8540024
7112358
7961186
1564509
4175048
3187818
7967853
7572810
5018589
5629216
5566681
1049254
4283715
8943002
1448184
7418728
711104
9560190
2081329
8996494
6533778
1394107
5882612
3052062
1629807
1566738
2465116
8194235
688342
2756995
2168114
9228365
9869353
2645651
3309225
6560752
5833468
1277078
4133561
3368409
9422645
2216593
4417662
6222711
1159594
8382198
3641438
1870697
458739
5722767
867190
6992517
9633225
9266154
2560930
1263032
832891
5026045
9457266
1521232
7783040
4141731
3265949
168744
6787382
6575173
9245847
2620849
368602
5895759
8505609
9791246
8112351
2923271
6013957
1788296
3821820
9655394
3658993
4280558
7894512
7042534
1273074
7527737
8825039
3834003
8790768
9657929
8860048
764385
3695513
9159439
4906115
6961461
1844534
1693496
6052985
3606732
6830697
6421587
9502490
5336305
8729184
131192
775927
7259492
4435839
7114098
9431238
8094831
1394656
9842101
7653717
5184081
7369837
6478755
9018084
8676956
8653036
394483
1957692
2348548
2070273
6863807
9310008
6431158
1073654
7879344
37889
420702
4300930
2056730
8273359
5546466
4704273
1565637
2805957
9140111
8679735
4753546
9751294
2590742
4595647
7405010
7774822
4481835
6400116
6792905
5675143
5053151
9703739
7632834
7401698
4290363
7012992
9228057
721520
8086646
7107401
3275760
1023699
3924682
5332489
9297057
9471147
36761
862694
4793456
1693224
2058780
2063353
1444517
4649521
6658999
1365878
2424342
3657186
7765993
1733599
9332328
2819144
3953689
6965161
2737193
8244052
3978153
1965250
8965571
4581150
1589002
4757683
5604848
5513683
2606523
7418257
7501182
5159636
797302
4810989
6852859
5372433
6874341
8297375
21953
6049692
9663252
4962646
9706877
9945596
6696244
9039204
5281091
649933
6004364
8018284
1410336
2498868
2499885
2892258
9596369
4088886
7649940
7717569
9602568
256463
5135825
9620101
5416098
8449478
4431089
2268956
3821910
1305430
3082682
6360214
7355121
5262285
1322859
9578349
5207880
8019103
8617552
488971
1185387
7138267
8507254
2595722
2153487
3523490
5487979
1749855
7612375
5654271
9467423
9731294
5910733
7119599
9351395
1326830
5569076
3782483
6112137
1907337
7604264
9194818
8267550
7475736
6973454
2106761
7054084
2181333
2642215
8187987
5186655
3827601
7842606
6210260
8939674
9996092
9733749
6944004
1745946
7346123
2598274
1213369
7077417
1025358
849319
6428811
4868539
6418395
2727645
980675
842083
2848261
2691844
1625985
323996
9665297
3732745
9894432
4362982
6374959
598770
9549636
2718911
8441375
5759896
1658584
8437466
8009996
1118939
183412
5356119
6233565
3913132
4949887
7258922
4762450
3895049
2127461
3697196
9139045
3108135
4539279
1987305
8316331
8681615
4827653
7981627
2414359
4722084
2344608
8789317
5320853
4410596
1508227
3762228
2686843
5683162
2199693
696838
9318452
4899456
8569308
5552016
1328939
6035546
2810938
6091389
9930594
4938398
2304936
9069639
562884
9360566
1056943
8879214
8042180
5884595
9377193
456538
3123030
1721800
1762206
960235
8648747
5786784
4722462
3851941
3986297
9438506
4548779
3304749
6854314
5634438
8856764
8183252
1669984
4184053
6790992
4116929
9122450
9095928
3186567
9685334
972845
6759862
1080899
9015025
5160808
458091
1987914
800190
4696243
6266472
1760424
3344989
2053255
8999237
7196930
8555904
954094
4262060
1860652
7808407
2412849
3233767
5991659
4082832
7417820
2782650
716113
9056621
4394929
6419031
1258306
5367774
3178892
4855557
6899150
856052
5313647
1403415
4172593
9889
7669886
5933016
5871230
2239493
7448604
5584511
3311748
8402697
2362922
7688751
6211104
4775770
922517
4719114
1374954
856688
18115
2091066
2429661
4413044
8510096
6204318
2297169
4205340
1059874
1712670
7577743
6373521
3116084
1750335
8899761
3302322
199702
7287342
8058166
7648305
2871852
1369913
8567353
7751125
9058663
4778456
2526895
2497531
9497569
3901848
5870571
9515684
8509265
816583
6445079
7019360
7020900
1258599
1224699
8080774
2971268
1318793
6970646
8603703
3069127
8386758
4422376
5785180
5674100
4996893
3433484
1062303
8883157
2000837
8813428
458171
9295644
3856674
2955702
1309565
274873
1342624
3341600
8784137
4675558
9786678
5803496
1696457
3561628
9544547
2293582
9049247
863339
1780579
7652949
6448818
167337
4591677
2233997
8357788
9588569
8183833
9420090
8471726
2701021
749869
8929896
1996664
4606542
4401949
3306228
7397766
8260924
9164179
6181902
2936481
1467208
4501750
7149290
5028835
6562648
1959223
4078081
9942338
3739802
4247382
6391155
6423490
8839058
8625152
4781277
943978
9325336
6717718
1932055
2026356
9983939
3378303
4023019
7106832
7780251
9845599
4504598
8557527
1526129
686499
1494007
2993337
7704600
1159648
8022171
4267247
3118871
2100252
4209585
9375024
8863985
3117091
5798513
219394
4258594
3096141
1163371
3583929
2330210
5611778
5610284
4830500
8990080
2149655
1937332
9286682
4511605
6441929
7844208
6037733
9644779
1854567
9031069
7349379
3014214
7053240
1616625
8649436
1669843
8342561
8024459
533827
1459652
6339323
753220
5718245
1951815
4432942
9302174
6798377
44719
7428809
1628876
1551150
2094815
3566207
837832
6606419
2524487
8682039
5160504
2169266
3052957
4191572
2034996
8583523
3761163
6167972
7232958
7947357
4510533
7773769
997535
8486536
6629443
4267106
4204780
8581258
8700048
6023305
7895986
1261118
3452114
9524861
2812268
5546928
5607420
3650099
4669699
8131906
4848489
9830202
301171
7901446
6538125
2336166
6484968
299288
8504138
6234277
762996
5531022
4008045
1760531
4017557
3153840
6027636
738688
1735097
7244035
6761993
9631082
8505153
2730458
1672294
1317420
8277385
7279713
7483870
5463435
5411619
2332358
5293636
8229141
2750155
1831761
3081659
1751474
4647400
4102148
502103
5410395
2149521
7026499
9687277
6167077
180338
8231265
6905764
1915434
5475299
6184108
4062867
6496803
8914565
5735161
330574
7191950
5531225
7814443
2655384
3459195
2663153
465372
1688336
5413307
2297132
7286346
9681133
9460883
3904845
183235
7387629
6054365
7209733
7074906
4737793
7390071
5306170
4159908
1821856
3297820
344016
5884723
9794623
9258580
4136235
125196
8966881
9667459
455991
4138617
3126654
3119143
7120340
7331341
1048801
1933823
7134038
729933
1394705
3555234
3429519
8782333
9609598
639252
8373590
6863742
545674
6196111
3540001
2367529
2010283
3884016
768603
1804905
5658948
4904837
4446452
7142180
7088648
4902442
3797148
2731653
8021584
917487
62993
9070385
2851309
9713382
2316669
4246013
3268615
5746188
5544698
5394564
8901791
6434639
2258305
9447464
2630750
5798305
1814992
7157384
2198673
5099947
8962288
373972
4783
3408739
7516151
9609782
827533
1313299
2341434
8849116
2230785
2404426
435852
7598446
4634159
5268873
1844458
7902773
1015060
9905507
3297336
9916850
6340146
8071992
1880665
1487247
6386649
6212008
8644630
1101673
1311954
123269
1475644
3833089
6048359
1508146
3442870
6875891
5337796
5784304
8241359
84933
705081
1193562
7683378
5339240
6462434
9527835
3242012
7477493
1949694
9055700
9910694
8289839
7127691
4307710
2293437
3514339
519718
3454418
7132363
4348023
3577686
8608006
8181111
2142396
116152
1623981
1534639
7970299
7408284
9775997
8055231
629716
969558
5738608
5968955
7431992
5266443
9210967
7425836
9732488
8266666
9852882
538678
7910708
4160591
2832114
3941399
4680308
8802883
1073761
9028331
4896920
9681767
9725793
7039315
2314270
1349773
8573953
284568
1274408
866301
8339799
1904124
1835859
4078406
7873078
1784202
1861200
9600396
9210037
4110039
383413
9062918
4648716
8294121
3223509
7480829
4751871
420168
6283711
5825631
1964850
3696982
8023749
1690643
736297
2854370
5556767
1826601
5655290
6831175
2692902
3995088
1251650
4528760
589845
9124727
6312961
4967397
1241475
8039349
9077435
1624887
9618619
6242503
2435359
2842127
3723331
7187229
5778646
2523394
5529212
259848
6220375
3552960
1950490
9473023
6407330
7507256
1299624
2062619
6854782
3992525
8574058
8106431
1037636
1680254
9747510
9866948
9164002
988984
7906296
757789
2613870
7524914
7000291
7565581
2883392
3239973
7269161
1178390
8279718
2798372
1438237
7016445
8867684
3388726
6489467
5275013
3412333
305442
9853983
267115
4297966
944392
889897
5335601
2624645
637406
7718900
4304999
1626389
5625196
5062787
6756611
5666461
2063077
4322191
1066205
5303049
4107703
2244594
3582767
6906075
3682830
3115563
5773758
9587907
9605029
3565122
5516591
9910471
5935456
8300057
6724788
6879847
9189954
4576741
2020843
9827359
2295640
6325841
1453748
437187
1388627
726710
6103648
5968055
7565252
7169852
3787456
1672954
1930797
7370222
1095380
8129978
485784
6869137
234236
2607164
2950610
5750826
5033986
8886065
4050883
1758774
8282263
5757188
8851866
303106
5584546
1147505
9145298
9554645
4101044
3050277
281354
204691
9018331
362957
9890894
2805786
2035911
4338042
2692359
3131290
2468019
5694494
2516779
5218606
818010
5467388
969431
5851995
6869805
7536665
127120
5152067
3293852
8978985
7971524
1394750
2642842
7116822
949394
6743885
2683450
3747100
9464927
4218132
6626408
1872172
7023918
8662318
6210213
2232628
4309960
1194583
443474
6826738
6413188
1261483
4810477
9898970
7113477
1680281
7435635
9756949
9348700
3245838
8735933
7320223
4640587
3895126
6953396
8106333
3155362
2153197
4369784
2620288
6371329
996191
7008811
5911598
2174861
5735375
660577
9001172
6929957
1104050
5827909
5859496
2365532
3154737
5758466
1995361
7351370
5710452
1752309
6700069
1472641
488241
6536643
8629580
6899719
6006391
6735912
55080
675939
3622047
5191720
7047267
7134589
2200530
5475216
1825801
7935905
6135793
826972
7382213
7239842
9171232
3241709
9605374
2325969
1516526
1600734
9677338
9743329
3353042
8893758
1215969
6357634
7946752
9845548
5773704
6469494
9097811
5828784
7145433
2719857
1020503
4192699
2370798
3221032
9667915
4196598
3673288
8320059
5023570
1055501
5559900
6711153
4297209
7681625
9037121
8330086
9282358
1230810
8073414
5151751
2640919
9289382
4025737
587671
1651282
9799440
9573516
749092
5628223
6718948
5985301
9165077
3427999
8356098
4902461
5612265
5069047
8575748
3932323
2608968
9631248
9492222
9320121
6444808
9690199
873593
4774893
1488908
4620755
5364658
6640659
7261673
7170392
3182747
365695
8821673
5498538
9939211
2087116
3643113
9174510
8072416
2808189
2602508
6428513
7710649
8214772
4013912
6286397
4663446
6622879
8433996
6672020
8459351
4878804
6362218
9332944
2170048
7851125
3953698
51058
7008135
1215370
7221449
190881
4097417
8559473
8205771
6552979
646588
1848883
5727488
8719004
4657071
8329996
7663868
4884072
9061119
1677779
3686820
3724565
817010
4637167
396584
9276360
2032322
6758801
8609303
6718722
4609925
5079352
6769779
4134412
8811074
6507579
4325292
2908490
5067051
2531062
9461468
8229990
6896296
5188955
9465345
4069719
6035302
7129213
8953790
5096421
1323343
5156961
8820985
4656704
9794127
1733920
3933064
1826449
8492720
5058718
8545170
5618996
138070
7831300
9753407
1465495
4338878
6595051
4373984
1922280
1642464
6351803
152269
8538760
1540757
2133966
2608478
92411
9263178
4078619
5188831
3102872
9235579
6526167
7759576
1546057
8260086
4208991
3372505
9269157
1784060
4434026
4888152
1922129
2265325
7157911
5903975
9120554
6269313
277958
1042833
7911776
6629760
3711454
8966887
686869
8361771
1575364
779279
7624948
8170334
8484461
3244171
9922264
5010627
3520098
1468321
5787064
7729088
7357177
5056220
9513148
1791203
2460723
3951628
6572879
2134985
2371955
8209785
8404297
2649912
9252617
6316073
1796024
5480422
7799311
4999244
3842192
1891027
8294874
3983491
61360
9295686
9744014
9983624
4306312
3264111
3968296
2609727
3509551
1325472
182298
5539050
5633026
2643020
2007029
2205905
7294357
4378983
2932041
5698653
9545247
2184657
4531077
3857622
181431
2330388
8856865
6539974
4221414
9668090
3039817
6799125
8963775
5300182
9299100
5786438
1080644
3267395
8396164
4590194
4592867
1094813
2645595
2742244
3737832
7168976
7464500
3548540
1547958
396540
9247193
3609556
5097549
3778269
7467177
5278979
8625008
8840393
4335304
5362773
1024834
9891472
2161898
9988608
5191653
1460997
8291397
6272297
7244744
9203912
3378842
1837610
298724
8540789
7096205
6552908
5709764
4560705
101447
9774073
4957244
9348639
3383629
54792
5643260
3367157
7850122
6784619
2207550
4701778
2147392
3232383
4593249
6825641
5737343
2301254
802989
4028739
1089902
8047732
3232651
4468743
9885341
6047726
3009531
9497898
2600633
8719294
4058602
2702080
8493367
9015845
4567070
4393347
9070637
2726681
7760503
9437110
9511300
9968052
4138887
4175043
5716787
8732136
1000683
3970481
3549741
1803671
515571
4639642
9851403
3748221
9108384
2253095
2312299
4634267
1750992
4912931
5869912
5809593
131362
4363278
7341790
7214784
1272976
6412426
9941464
9033479
8365887
1969115
1517882
2504774
6144157
7234668
1236909
9661191
3721500
4786649
1464862
4237071
1942642
3832616
501643
1051025
8602062
2813941
5685291
353054
243224
4071555
8678998
374585
8434832
6020787
105720
9707808
4949564
47184
1257638
3315451
4532650
2775519
8336576
676807
2526539
9573484
337997
6248038
6876484
4319210
485108
8819125
668177
986751
2386501
9270239
6317043
588144
2139644
6560266
4659698
818641
9451203
5610881
9355780
9556922
7835040
6821695
2120457
9092677
2653497
6653107
4384548
990072
7329913
6911086
3079907
184261
5675475
2472742
7019823
6160583
3808218
7687999
9663685
6194719
6958237
8497079
9299214
9097880
5057345
6475263
2432873
7024899
2086143
1788652
6581820
2437535
1126698
8702277
4046563
3780195
5355383
8431110
7286618
5201647
5342195
366525
5385907
1017670
2839266
4922081
9694604
6647484
2610080
1874640
5358554
9568316
371718
7174119
1182548
7945414
3649381
3615420
4970312
8251875
7920423
4068484
3205761
9047120
2770760
7252324
5343666
642494
5683433
2630284
8360492
1025628
2996808
6262750
4559649
8352425
1184831
4254252
7516260
3794910
8645243
5391165
5879577
9016960
2565283
7062124
9478726
8731015
3193895
4449037
9499242
1114317
8517520
2705002
2677789
3804631
9957325
8021454
6963476
5640758
3168089
5323967
9182737
8681248
1586717
3742385
9550025
2771547
512988
7066284
9082808
9158230
4973801
4962384
691541
55435
4540860
170266
8786450
7734754
4619303
802043
1365423
5653174
3507044
6559563
1974157
5980721
4581016
1453984
1621478
265457
6777951
3320566
8946704
881019
7062950
8496728
6168917
7575937
8079364
5251724
9250518
3053164
2730459
9942058
3108598
7271318
112324
4411399
7522424
7247978
7729793
1404198
5417503
1236837
7963760
9908011
9733909
5061127
1361995
3871738
7842935
656297
7192303
6789639
1537315
4255252
7802718
222583
4347540
5882081
5474306
6114409
1451596
8204764
6056466
7076546
7992434
8685141
4004296
8031209
5933118
1734089
1951758
3866973
5487277
9915517
3774983
5221185
7492995
7653329
9092922
5335930
8309625
6285224
4641920
2363291
3056827
4960989
2585873
9920718
3359422
8060178
6035126
4811017
8781294
4607943
4403914
9290079
3293084
8408210
9837639
1742553
142298
1789396
5609525
8145926
4221264
1900860
3367110
4230610
9554188
4976383
9566539
7863813
1261606
6724810
227103
6834784
1685799
5329328
9271853
5045220
3389505
7823330
2372588
4687150
2431272
6776502
6493580
8240707
5184711
6331218
9983260
7843360
8120613
8109136
5989285
4858228
9995
1872746
9088838
2080535
6849128
1171728
9944347
627085
412890
2687801
7461868
2098688
8017128
6733720
9660259
3922985
4557049
2032846
1126486
9504672
8809347
7620066
7745379
6510409
3951283
244990
4353768
4588248
870477
2859404
1962827
3396824
4732149
1051664
5477358
1581276
4739744
5421704
2208360
5152633
625856
2186579
9767672
1159336
1436650
9427930
5082320
8510050
1460775
8725157
8014722
2786474
6345222
8276452
9296882
2812857
1037793
6167002
7401104
1908269
9026405
1880282
5305092
3758554
5448298
782449
7856181
188041
8720504
2580893
7857025
1862712
4767471
7624696
3022047
8720473
9568977
620718
7230522
1029751
9345874
7761595
6332576
8207448
8554398
5629458
1020304
9592190
4312811
937759
4016811
3339215
2818040
9321902
9614120
8266337
2620703
9986653
970729
3857558
2567545
8827753
8236621
9851367
8968800
1258667
8571839
8537776
4395736
8318713
2083879
6257962
8596659
8416454
6981761
7151057
6562263
8002064
9259598
875073
1456174
3276408
6730640
4274213
5114662
8861111
5056902
251716
8847763
6027630
4109273
3931659
7371735
2345894
3783026
6340534
6120912
4871216
7394662
3033000
5706280
9478540
1807313
4302939
411345
8789073
3970347
9489960
6791136
5746296
2881384
763661
1539056
9612023
5037873
9170069
989486
2611126
9421784
9837248
8638756
6047408
3768907
6010490
909653
68284
4867375
9546917
7455851
2262036
2579916
3162131
4256927
4387228
9981421
7184624
3176300
6468119
6674583
2483787
2214414
2072318
3247447
6269821
1684341
801671
5439889
5190178
3412797
4861672
5027425
4567904
3425432
1312683
3094745
4335084
3897318
7962119
3882000
1353169
2740507
8978267
7031651
6997433
3365494
7013071
4182056
9058145
5997541
3372990
4058283
8211954
5445308
9822081
6998127
9646000
3140104
2438015
4836177
9069252
9816039
2379953
3637155
3241470
6208988
9248251
92905
106305
7210369
3974905
1459473
2467227
5469523
1007475
9464660
8835017
8020545
6163067
409513
4018085
9536057
4467796
4746391
4981364
6806228
4260869
7143715
9946331
6698883
1979891
9015582
9031273
4359843
5169088
2272742
3085182
4417338
4881999
3191487
4144059
8856903
7167311
6611285
4326425
8174786
8592296
5677793
8711682
4755363
8603658
5246119
4291419
5587805
9992509
1789134
2394032
4253377
1449200
2340363
3468611
3429090
3872296
2499884
305284
9041384
7288977
3390466
5975073
2170975
9098304
119131
3544229
6265614
9246768
387006
4440399
7839063
8581150
3152081
2594425
7184807
8398199
9402195
2772611
907059
3707680
7682995
7676787
5156879
23357
3661749
1102320
6412004
8677984
3923956
7969739
8483313
9830773
3944812
3170639
1445428
6580294
6714868
7711041
5827061
9618225
4667792
6182476
715726
336224
8776900
7900533
1250774
695447
3189495
4674184
6919478
872489
4867322
4592709
3412197
8529070
5695028
9824201
9723406
2135335
7793939
8206718
4482459
4255102
1377356
5927886
835396
608575
6155279
9178808
2743151
823070
5361283
3458877
1159293
6654535
3875761
4926418
9866333
7065255
9600601
6785810
7937744
4467922
1378518
3866292
5513343
9589898
6206844
5236748
4241584
4000783
3443465
1240395
772236
7337173
7168280
4123983
7945747
3323558
3302791
688898
4146627
1180425
4147774
7822271
351311
8023534
2748688
2733995
7605140
4865640
2036157
8059235
9333561
5931026
1925527
4846904
8037275
8132370
83651
2278859
4649504
6043468
3519253
7938092
3380640
3203884
2062074
3842738
6527442
7881216
4531635
3190420
1577993
1195760
3529043
4445655
1735645
8794082
7179650
1857137
6176074
1732158
9916371
5509634
7663183
4358249
2872889
5700458
5006971
5472892
495668
2172826
4032711
6531272
110917
7413350
2251507
2172991
1256087
1295300
2570558
8304074
7002072
4148550
2016185
531114
8594205
6268182
1841547
8290206
8125318
8017620
22363
558040
6043606
201897
4916289
1432846
8418706
9923259
6905737
1430725
4612436
938447
7961996
4723353
868148
213503
9412695
4640587
4025154
1983252
2944660
1027225
8648154
7477196
4074690
9758710
3745377
5916237
8048915
1870694
6450208
587629
2428734
2493813
3305877
9861374
3926659
1724583
2300984
3348747
3155307
6913419
6803546
3633655
4153123
188045
6363509
3565817
4828631
388662
8065421
289642
3932239
6713574
283190
8006928
6472283
4028566
3923164
7037549
8415612
373372
141529
3360697
5383536
5963757
3222070
1826546
7688339
8039405
7691645
3359998
4952823
7011542
9510004
9105946
7199586
8389864
5188114
4544569
8778525
3253534
7350562
2710763
9967107
7633751
717691
8955741
1662317
7157206
8509641
2594280
46929
1167521
5954976
7946817
7131278
1693397
2289714
4819616
9732801
9981358
695965
7201975
6992899
2722320
6307920
6708837
1112183
1496034
1253405
2407060
7265919
8603966
7634174
9749378
8754069
868216
8705118
2932737
8025422
7214759
5527016
588702
8382279
3998343
8535518
8029908
5691739
3341584
5365876
5424539
3322941
6061840
2626513
2832192
1300512
1450785
9541028
2412694
5463170
3310784
4819753
2729088
4431101
2453927
2478465
3185169
3322142
3699935
6117905
3863915
3431045
1644920
6968969
4329675
5643262
8020838
2359583
3851352
1362421
7725458
1792242
4685362
6303649
6935107
33905
7604160
8385891
9574932
16854
6365412
5402067
7352958
1610851
9833167
9806884
4089316
5534688
5645378
305602
1652592
2025644
3736646
5813864
8994612
8066320
3973477
9531802
425902
341181
894222
667711
2133422
8095935
6971360
9068528
8129839
4575519
9970770
221122
4592372
6336181
5623188
4461682
463384
7972707
4268565
4552699
3507394
2430294
4858300
7676337
6972290
1111297
6006552
8483253
9177616
9980029
8015054
2119870
2837561
8909276
2787580
4970982
9521562
9758939
6555862
7651401
6850810
6526631
388874
3959533
5379164
8528414
8421214
5842547
6501120
2689779
2911597
2524865
7636424
286248
2717553
7125065
1397544
8724105
5608318
3091511
1220485
3623371
5211380
4058045
5048998
515312
9029026
7086912
274250
5584887
4738312
9641411
4627870
7643537
3600944
2523385
6171950
2022157
882283
5189421
7228287
3793879
230637
4864711
6596478
2948190
1989775
7994021
1672294
114444
1085531
5409130
6254167
8813263
9467174
1303164
9328574
1012551
906427
2119175
9113790
8161090
1760586
6258011
5804627
5361529
8781395
1976576
7383685
9663677
9682349
7128324
5973907
9912985
1993034
2570384
2861174
6499160
3080756
7049819
6613604
6682638
2458948
5384122
8012252
4442473
9203637
7340825
5455024
110064
1976352
7085165
8271153
6253289
3343175
4075779
4131169
4640921
8568707
4031205
4304597
767407
1159528
2794855
680391
5668913
7881590
6057917
2168073
3478697
3107735
1298028
161334
5566683
6682149
8173586
2525507
5885785
8030762
7980530
8512200
2523465
5065694
6783353
1293105
925220
3375483
5424273
5566140
1944189
9455478
2387088
2711595
615005
7698294
5908338
8800270
5579883
1966254
968342
9058579
5073988
4782721
1736265
3157022
3981221
2426202
5682529
2383357
2973315
6179410
895557
5496780
3761456
195261
6789884
4686675
3570743
4730509
2769167
5514932
4185986
5156254
742878
7317342
2854548
6651215
8633963
950782
8617468
2118656
2525713
6207808
6901376
4261977
1881181
3398948
9204530
7563709
5782305
2177844
6259471
9194213
190975
20926
9389473
9497211
7223952
2960215
4227719
9993118
991498
930056
7665724
4250728
763749
3036623
901942
9397712
6503756
2035762
1516367
9029468
759921
8417743
5807796
2641101
4333042
5012325
2721162
2631698
9706521
8980632
1825910
9897495
9001557
3731734
9394705
8741860
9208301
6138775
1251330
199798
7068830
8917053
6966877
7832579
4470027
7868819
7230290
973782
2420932
8746656
3250
5697204
9680750
5811045
8338304
4013792
3339722
1059465
9161841
3046242
40096
3504103
5460088
1558004
7235836
4854793
2816216
8960488
993567
4067545
1676638
578749
5500949
8643514
8411327
9970975
6512332
8157968
944756
1449615
6904623
3464357
7146818
9101725
1791754
8001474
5631868
7647827
1577290
4793708
694068
4133738
814162
8670507
5691741
8049998
3525299
1024308
9526837
7035218
5091852
1203474
130318
3109152
9846988
8541644
3080126
8875671
9215963
6541234
325286
6120585
2521942
9988455
7738661
4313695
506280
5886880
1961521
2083570
3196940
5171940
6217307
4011101
3842447
4425399
4577450
9884097
5449707
4104287
9435666
3057910
5307760
9565983
6167062
5154747
623978
9247187
4030418
9839940
8304772
6872055
8476877
826714
9376861
6215537
7656760
2399493
2102417
9618281
4483062
7815708
7306572
700368
1826808
1149018
7642118
6404258
1033115
3091824
3024896
468780
6149734
8332655
2551115
4833147
6003754
3175092
6596685
2550523
3015032
4901457
1938929
1491908
8244522
3832141
223796
5901281
6231633
4842564
5519561
714694
2658271
2826133
3931413
4485079
6491502
1573531
3405688
7524616
7181706
6430583
509748
5847791
4763237
5577214
680937
3283342
8752305
7277622
5833864
1767336
4695430
7772792
5775595
2939951
4121285
5999391
8841231
352917
841954
6877144
3583963
3500225
9703276
7515375
501655
6194777
1605257
3907342
6235745
1303315
337924
9261844
7151105
7617512
4839057
348394
900854
6107713
7626015
9251069
7875049
4837796
9540213
6166995
7777746
3661497
2166385
6618976
4014413
3008339
3496119
7598375
9024915
5715746
7630102
9526569
4426875
1751710
3433910
3178971
3055024
6288185
2440814
2722481
3905696
9796222
3070874
7322901
5903934
3213240
6573970
6295334
8051035
6114182
2462329
5828780
9775678
7145065
4964107
6306442
2669755
976578
6421169
1694669
6692323
4051270
3737589
1119197
8319331
7171498
4298167
3890707
3459682
9255332
6613187
9881730
9051553
2200412
7204630
7471839
7930003
3778599
3767172
5981037
2409132
8745852
4326168
2184809
5890917
1806626
1007603
8560671
2783203
7428771
2771692
9475526
3996392
6509280
3111074
2315722
6197130
9925593
6206428
2173163
9180924
5335966
2054892
748829
52729
1775874
8220667
7982731
8070824
4504190
3963767
479956
5766394
806286
5181116
4173662
2612912
6188718
5250684
5396114
3617488
8022375
7387991
130231
7048007
3015417
2445953
3245136
2941009
1168732
7934650
4638284
9021050
2505894
5387112
9073778
4281767
6124130
7056509
4868942
3144672
3536627
5348897
8911065
4342913
3046365
3084726
9472176
9235082
8335409
4868289
5368922
8874136
4772632
5499152
5922142
7788048
461456
1683629
3245408
1630188
2134630
7883691
651237
4640523
5787155
9725014
1438641
1911284
9297874
6307583
5055955
2834501
1656479
6483371
7177413
4702843
9568096
6649588
6454277
419857
4034228
4339550
1810344
1323211
9838701
248837
1627610
2816509
1932465
4873017
4446696
4067094
2756708
7614284
1223969
1060214
9855649
2662609
2971497
9153523
8970191
543804
1988023
3143022
7027174
1681787
362216
9111622
847726
6816492
2047830
7398305
1156041
3858173
1237868
3511094
4107009
2865477
6327602
8555825
254846
3290649
5139270
3011553
904932
6363238
4071766
3276932
1542199
9559614
2430454
512389
2619769
6934828
3655410
9646943
1132966
6533978
1274916
4497043
3350469
3322745
4411700
7022862
9697269
5649567
3050307
6320629
1031395
9377908
7392805
1286240
5184908
2532074
6814144
8606191
1411664
3402261
1883122
2953862
2961875
6829928
5982602
5581643
6281107
2154364
7744937
7414073
8688341
9019852
4427467
4555161
4858948
8839166
1578022
7072568
7005084
7144680
5909548
8036479
6522587
3302352
9322718
1707494
8350778
6136862
313684
9762441
9539122
4713158
5232654
5017348
1543085
3731607
598991
7824191
5885970
860279
7754615
7090662
2396483
4698434
1645823
9771782
6053951
5740196
6844350
3059035
2884876
2753897
1095513
1923814
6056249
418230
6147660
4407026
9071443
8977695
6685818
8610565
3690852
4434823
6144264
7750288
682781
9259606
8090831
9085103
119885
8361797
6175764
2516367
3060230
337938
2288148
9114181
8594486
1648849
4689567
3995713
4402746
5785079
8435878
2975346
8719660
4583537
9898723
7791103
6077584
9100892
8918019
2284787
3535714
7578634
35075
6734846
6838240
642257
5819948
6958124
9004053
1995712
9474490
4580635
4850001
4278989
6211167
3444486
5927838
3417085
9956550
2846935
9202163
8392428
5822280
438174
2975964
8237354
745628
1569899
7338245
2179998
3854686
3390310
9758632
6406112
125155
6596871
7048368
5945103
3554994
8568772
457166
5545835
5665758
7823518
2341175
4393276
1268004
785364
7810360
1224553
3632298
7012522
2133332
1970929
9967048
5109296
208282
712675
6679194
62878
2892673
3050231
5969539
5167656
9456342
8611046
1764526
6504709
7072500
7835871
5073481
7529665
5898057
3255590
5353182
8239231
7648866
9137537
9024595
5459225
2878442
5173244
4988099
5011773
7144173
4955146
2637420
9868806
8184172
1832966
9931684
1076844
4883196
8417574
6244499
4339538
7028619
525376
844246
4101118
877598
8434078
4147134
6775654
4206020
2016668
7531237
1854885
1154204
9072183
7314109
6548997
4245426
4818559
4077122
1389598
9773704
9230893
1258404
7957876
1063858
3706439
1551071
5947054
4640364
311922
2802943
1668983
3353649
6163540
8286452
4231247
7113970
2433586
1006900
1319989
4450253
8538136
3174873
8120808
7610318
3005333
7186157
4372096
7823892
1263278
5761693
113947
494170
9536448
8071822
4074380
5759238
2139245
2537785
399602
2451166
5340727
2068584
5804814
4020618
355035
2552412
1134587
5304972
3559312
2454575
9755224
4613799
8145799
392384
4740469
3667484
7578540
9112564
1491375
1358169
7390608
1605321
4368690
9443408
2193495
8443069
5202645
6849091
980853
5602246
1816608
8837931
187181
7621421
2858549
3058568
2690185
6509487
8363539
6249496
8964062
635115
3379646
9626212
3543850
636466
3293695
1122389
2265381
7301421
4996909
9655989
1423094
9365598
1615748
6132940
325019
6818392
2982030
3822223
4936990
4798637
5176506
5124170
4936409
8035054
699089
7626593
4544540
1578980
6392440
6024953
2214094
2288438
8167517
5757943
2924903
3977563
9396683
7706636
1278984
6909943
7362624
2702077
8791892
1494723
8835016
9116910
8313114
4333397
5455485
3250103
9132033
631990
890625
6584793
1183395
1589713
4211386
8244286
3168692
3120177
4269239
7899137
5408614
4953107
6173431
849869
8930669
8086465
8556504
209652
4996407
8435479
5428080
3788299
9930201
6779447
5421560
8243314
1112843
3393396
4009769
2761227
4025385
7416745
9346020
5208779
9006457
6073757
3453065
4691501
9193933
238655
5106989
4602547
7708113
1280420
7968767
6638781
1883236
6525270
9364785
6879643
4960748
4792864
3184293
4890948
1572311
1122204
5650613
5201505
4515600
9660381
7962732
1057336
7077125
9825103
8782467
8599934
5898859
4751883
5807786
5092791
4990537
3431126
2211689
2698649
7227897
180455
1853781
9111133
9222076
1218565
8507127
4182823
6011429
4207771
1590122
100091
7846326
7240735
7817947
4878277
9417467
5780678
5935613
9010944
5605780
7234431
127229
1504638
1986313
8451366
9113781
9493201
4398843
3841821
2191849
1626740
6538628
6561981
3254224
5760703
7780546
1761350
9943526
6308326
8485472
4049999
6408416
6331797
3807085
6742714
1210074
3224552
2523392
9662038
4751847
645523
6896468
7395427
4666513
1399132
8363144
3780293
892332
2761986
7622113
5600532
4388725
4160740
2162512
7642948
2437795
9943057
1920649
2381320
6251382
406120
8947670
5176149
9254269
2754755
1918863
464342
8495658
6958606
2642731
5763856
7604128
2055550
3159282
2270640
3454681
1522425
8567284
6863364
6800762
8705749
2463895
1189487
5382840
4626406
1348786
7820634
7085815
3269435
2718305
5853548
6191906
1665975
3546049
5446174
4420729
5464911
8426867
5432738
4939868
1069597
1196593
5060347
5641498
6872226
7330987
1612530
911002
8414622
8475893
7711763
7120370
939787
8901249
2503210
8082545
2766387
323843
5168359
6035821
3042148
1021906
2227726
7224474
4567954
190252
1645202
2549216
8617118
9594291
5435
2203067
790883
5065782
7844564
7663108
4913120
1973446
8574109
3327741
449338
8802223
2964463
3905477
7703472
5467672
1988021
469858
8307866
7156379
9022030
3866365
694636
3766107
1090838
7778942
3956358
5252391
328157
5089828
4846681
333592
7292894
5637563
7915725
7653809
5817022
2828844
9627254
6907482
8672936
76592
5709705
1637398
6498420
5929528
7105069
8486440
8915737
7929287
8159170
454118
1795651
1370157
4220224
2886489
9149098
692934
8138879
1993607
5782761
5501912
2327198
5592006
1139474
242922
3245814
9472848
5588117
5389420
8896681
4261052
7982363
4606385
5898450
4480782
3052264
5519870
5483573
1968000
3449156
3642742
2422117
7761159
7529250
9158693
647647
6678348
9851626
1302877
8671954
8150738
6804788
3515503
6259095
460614
6274776
9504908
2449813
1862892
7410679
1346493
8640295
5393041
8469230
7055096
9873822
1521493
2574966
5357394
3489493
8540473
1516487
8427961
6301631
9045737
7586653
9465629
8240436
9954630
3284858
9428741
621719
2605997
2944243
6880813
5582962
1735370
8902073
8032774
6114613
6312751
1895619
4754907
1705792
364848
1810003
4095965
4402692
6901320
1969711
408536
7958144
3486197
8836497
6776127
5048285
6423149
8758107
5805072
8894131
2042964
5233812
9515849
7165313
694406
6396662
2748274
2429775
5298734
3297400
8544387
4127836
5193018
5815646
5833627
8074217
142000
2445944
2476908
7043319
4415654
2885444
5001462
418202
1721940
1777588
5466487
661440
535695
3787910
2071922
5095010
9021722
1587771
2260322
9716127
7984432
5008596
4662254
5799517
8305995
5722992
2443704
6015364
1538637
793683
4089580
1680636
3239626
6566487
1240306
7655279
1968282
6241768
589832
6206573
535707
8572670
6868013
3587753
2360580
8939934
8682763
1382301
3044056
3459436
3614779
3544839
984383
793384
1860707
1806729
6516376
4304411
7822092
8055012
5098093
1911671
2252000
8337718
994510
3492305
8509348
2962791
9734072
9099179
9169364
2786131
188201
8553728
6373883
2548780
10013
7572997
6447432
3054069
1032433
2578562
9115259
2016815
3371946
975966
3823544
9888321
5280376
4161987
459684
2894820
6073658
2711683
1232537
9584519
6203988
2258236
5063661
8454411
3873766
4233024
1240541
4061966
5303103
130776
9127097
7829468
220124
5574528
3399888
3768908
669442
2515146
5785723
4041387
3491111
2125618
3929707
1287838
6287604
4389390
4182657
4877613
9617425
7931545
6978483
5821412
2706132
2042144
6792174
9096250
8791519
549067
5674567
4094622
3196194
4801664
4440441
3416317
2892543
7840328
7185225
3561984
355473
5487299
7603370
6362936
129268
4049428
7650773
8933223
955170
4349782
3810836
572594
2281326
3305670
8910357
7503810
5347813
8218882
6600059
4139332
8767948
2274625
750305
1964141
7076288
5190745
7896810
2485183
5547424
5082034
6047166
5902896
569332
6166888
4782183
3214951
216315
4949308
2148173
3687836
9299089
5959008
6776781
4096766
1781030
8203489
1600575
7128842
6422371
8200633
3784525
7706670
475258
7051181
9670811
67897
4758277
83972
2553079
305700
5166005
1116597
8724948
8251688
7283484
3507130
1466638
16150
8456437
3614810
6220338
7755525
2090170
2997118
1852291
3871199
3716959
5969217
3516392
139329
4169850
7300917
7845998
7161459
4352097
33160
9745707
9110374
117131
4815138
9416073
7799487
5931734
8141020
8567526
5731569
4164502
34163
8264070
2620938
6165325
7000759
2892815
771846
2514229
7261457
4643044
6231187
3230673
8159435
8886867
9916874
7976703
9249216
9594684
2328800
9282376
9340391
3955525
1915858
4155528
3371597
2231697
2603613
4028969
799222
851533
709822
3349737
1631954
3330759
9515061
8632713
8739925
286906
3663293
6001381
7446301
9894479
1748406
8122087
8781345
1665279
6098790
8030560
3776315
8427589
9829287
3116705
2383113
4261497
9788584
8271061
6493193
4908548
4816381
7292414
8276432
5526202
642150
9908385
1373313
2673562
1057449
113237
5476819
4720741
8630970
5439471
7131571
2895727
3561558
8429267
7077357
9660347
6459827
853671
604287
8805465
3970375
5503751
3066961
6275310
6291163
2076505
1183857
1107544
9368919
9460288
9150097
2527420
1885025
523409
7717334
5458825
3152998
5710504
179566
4300319
1149975
9827488
7196045
4711532
8256755
4273401
6888230
7232933
5127072
7492516
6038397
1613798
5512618
1621710
7889108
1803780
3698214
1589316
5427675
5583484
3565956
4577772
627256
7967332
7617532
8344589
3426156
3286881
6571444
6122073
7587199
7721418
5949561
4783243
4949301
4206315
9056644
1837530
3955599
6700067
1846397
9993995
8313864
7359014
4132056
8719323
1679146
346622
2824991
7106820
5930105
6390946
4200943
6557360
4358277
1818475
7418300
300784
5105355
6506096
6422857
5208906
4227513
2372417
9992148
9176814
9095083
1565143
1014343
3050681
781561
5377092
5561027
1611777
2736105
2209435
331099
4415250
2556056
5672441
4038422
1002512
2063386
8239364
76224
8938014
2574190
10875
9238798
195897
6516970
8178006
5404802
744483
550422
7913301
2437648
2161856
1994796
5968342
7728888
2776356
1345433
5806266
4388132
6597890
8015700
7235583
1013139
571755
2908023
7567912
4090619
7487761
5807276
4166842
8942126
8381465
4177716
697275
1093713
694686
8875280
6498514
3955520
9425701
6928167
6393167
4103908
8922962
2361508
1832795
1699317
6223293
7639061
8603801
2821182
8171112
8355735
6350672
1259219
1263757
3918584
5349837
1267869
9725859
9516678
209995
623675
3694393
907269
4233740
6905430
2298901
732253
860949
4240953
176771
7254115
8344861
9099732
2131975
2694007
3315401
8355267
2849419
4435553
3692800
1020531
2791287
43471
4796101
4055043
6478406
145937
7839264
8720616
2178966
565610
1860643
5873358
3989230
6094382
5295140
6288130
9342986
6156088
529083
9519757
3410203
8873943
8619488
8058529
4084301
4451240
8930147
6933720
8886792
2622946
7954250
1678078
5182768
5266702
8249473
4177526
5412638
6088736
2898141
7591603
6654345
4758783
5981312
3159926
853164
1276451
9448056
196150
9948891
9977138
9715906
3359093
1367432
851745
3933973
5451732
7819337
2864119
2385451
6706128
8003416
2856052
900558
5702535
8122753
9150030
9880060
6051742
7755117
2778201
6159696
6925813
7536983
4657360
85738
906499
8450162
9533793
1102648
8399052
2027282
3334905
4274496
3394713
6703001
8208468
8846445
4522337
1072586
3748247
3744817
1592353
9120651
4645374
7294888
7243403
6311755
7174947
5811497
6583223
9953147
1971192
3509035
6482
6628551
3594772
912980
5078713
5644917
4531979
5994116
7672198
7866883
268612
1066911
7086235
8477079
2429707
4124924
2066017
8694305
7869740
6174721
7814955
5031465
3469608
7574710
3859571
644555
3386206
442793
3114053
7873749
3951827
3120534
4502300
62950
6549865
2097364
5707866
1081843
8091479
5896416
1465077
876442
9479678
8551312
1869873
1909384
2676235
6452241
3120040
3062326
2626961
934995
610142
6096569
1026056
6986064
9257475
4412261
7428856
2371527
2286009
3897034
8008413
9304660
6476335
4558277
3918375
4700553
5640120
4526206
596968
7105196
5402647
76645
8172859
9788871
4502380
3365445
6241111
7622419
8944122
8868072
1073765
9554263
7480992
2099820
6540326
9254818
9028432
6485533
1626344
3830793
2898918
9634756
3135452
9375253
6709385
7053827
4075805
2349504
4096384
4672772
1971051
9499030
7265768
143910
9287901
1768147
3509354
8045363
1906917
2453476
9429786
2980682
4524090
6910777
7596853
3580768
6165594
9141637
66300
308290
2972429
2965218
2459397
8624232
4856822
9168781
5678058
8932626
1518284
2290793
6121749
3489335
1789823
3387516
6149596
3594075
5155662
2175301
1639437
9578930
7145128
3585575
2559611
1669218
496351
2672816
5249985
9178297
1814452
7832636
9486586
4786880
3314205
4462334
3411111
8171026
3631115
1605521
7103651
5149398
6412665
5741751
1155084
8202487
9129266
9821031
4312913
6801279
1996332
8468702
6380209
9141459
2054276
1456171
3327028
5066978
6645338
1093364
4245274
8459789
8926000
6248211
5763020
2240204
710545
1690483
2927582
6858011
5812355
31232
4523760
2225019
8289335
5678844
2943858
7418600
8016226
9773122
6736231
2528909
8241823
3116439
1670368
2812450
7088961
7513747
395780
3734299
8607111
7157405
4710439
49462
3405616
2989811
2289665
6632512
4680293
5217246
3490522
3008999
7764830
8014281
5234017
6054164
6209476
694226
5989115
6742054
467348
2725345
9270962
1225522
8358135
941329
4037972
7963448
971428
4433751
4214098
9578538
1591155
8924536
9627999
7513122
1914346
4434015
6661985
9110990
2167613
2668858
2119988
2448794
3199491
7354005
8502957
9408966
8048230
7008423
6151019
1031929
9733768
7938333
2257451
608254
8879661
8811774
8571701
2367440
5761876
5302150
1945977
9869382
4226686
4090327
7382504
8657383
8524342
6560840
7768373
3208306
9229698
9888360
5657099
2429188
9758716
6676407
4354505
323298
3684829
3021876
1355226
5934948
960208
6129028
9059554
2356220
4940801
147606
4723660
702676
5449756
9185988
572058
9676441
3276315
470913
850175
4317008
7031752
8618547
41665
8777801
1023259
5698763
3723340
781974
2375169
594197
3621623
8576349
3616072
4976849
4511297
7092631
3622228
3570850
1965202
8563029
6234807
6688861
9265704
1684562
8391201
2354113
3877354
4183867
2825025
4727529
1017226
2373129
3346075
1058890
3667281
4369333
9274004
7390621
7667659
1649172
7984817
1289281
2741872
4117240
8782481
9769520
3726222
2404709
5856721
5691423
3484089
2091528
2380284
5266144
3776089
3287836
7620257
7653443
7471702
2961633
2380971
8488927
7851113
8243397
2064168
1518394
5129082
1338171
1425366
2796740
5503694
1926534
6602372
8245565
8560125
7901205
8015085
2286346
305913
3871805
7977768
6306353
5963332
2874403
1572496
2255773
6162238
1709104
