int_aleatorio
874
1639
9048
6656
4847
8429
7808
2613
9836
1212
9094
3359
4301
6533
3409
8622
4812
412
1706
8153
5610
9172
3333
1238
3119
8811
4146
1418
5023
5741
3508
5896
7379
2555
8903
2225
983
3063
1189
818
626
283
528
4926
3167
288
9899
4330
699
1604
2482
2660
775
5815
250
3893
977
4395
1663
5999
6487
5170
1894
3865
4076
7149
2442
5058
6563
3630
2227
7188
264
9106
2113
9782
5745
8363
4112
2796
9966
6593
5455
7092
8759
2056
7336
9735
6450
5350
5733
9288
519
3979
3153
946
1127
1946
2355
4041
1927
933
1228
2191
6390
9692
1972
2135
8054
2435
4930
4371
9028
6736
1462
7786
8792
5149
3873
1593
499
9605
881
7369
9935
385
8315
7413
8682
7021
1453
608
7954
2680
2798
4343
2371
1122
6477
6776
3556
7758
1146
8935
846
8959
6721
9637
4108
6945
7581
958
2901
4813
8326
2836
1549
2992
248
230
13
8053
838
4318
7084
9987
8660
5807
1108
1489
2582
1016
5598
3728
9950
6443
2686
3022
2431
3145
9966
6364
4102
2867
1176
8780
2054
2725
1771
8653
9306
8135
6705
143
8804
3789
130
7464
9595
7589
5304
2176
4956
7253
2255
4906
3696
1293
7927
2478
4437
4245
8841
4891
3463
17
3670
5516
9093
1792
520
8398
6279
7225
4893
5082
7365
1374
8897
6959
5314
552
5486
270
7805
4093
5175
1500
5385
9453
3977
6173
3697
2818
1063
3511
9186
1084
5378
4630
2876
5898
3027
5506
3122
4271
6939
486
5644
5836
3796
958
6387
9281
7579
4191
3373
2753
2042
5109
2205
2371
1282
2254
1540
2344
2116
725
9780
7494
5354
2655
3391
4732
4512
2864
5355
1450
3349
7350
7285
3496
4659
24
9128
2237
566
8853
4989
2608
3961
3546
1330
5242
2151
2869
3938
4266
9945
3717
8111
1650
2723
1501
2733
3586
4364
8087
5035
4064
5437
8672
7559
95
8695
3039
8684
5612
1891
3672
4571
5851
3569
5900
7445
5719
8768
7734
6337
5064
1450
4447
6713
524
2300
9446
4109
6663
3884
9143
7079
9320
4166
989
5767
9212
4027
4450
4824
5917
4473
9394
1768
8042
5294
5564
112
413
3297
2800
5477
4746
3599
8541
1621
5898
7986
5729
8912
1870
1223
5990
7541
1741
6979
9659
952
1005
460
5775
3274
4933
1521
1393
9326
6814
6956
5789
3578
252
4941
5406
1349
8539
3947
9321
4436
8284
5049
9699
6505
2623
5689
398
715
9019
56
1667
6375
6868
3793
9648
1800
5313
1040
7477
8478
4347
9617
2056
4598
4557
3813
2298
3095
7759
1618
3882
2395
3018
3581
8899
1993
5621
9296
2707
4639
5704
4373
7365
2571
8166
7013
722
9830
4404
4550
8308
8751
4166
363
9700
5075
527
8350
4521
8286
9967
8403
7032
9337
8335
5930
1329
3955
1578
387
4945
3633
1112
2309
6203
5629
5673
3276
5458
77
7825
3765
5179
1990
479
1230
3416
1006
5931
7937
5643
2250
6339
2674
1586
1025
4955
9266
1331
2884
9652
6275
6516
763
4935
9070
6391
608
2345
8201
7036
169
1965
8566
8511
8796
6147
1926
6153
2078
6214
1795
4327
8904
820
5912
9928
5774
1529
1258
8658
1180
3884
5173
8295
5171
4243
1037
2130
2939
5589
9165
9460
3906
4082
4322
2701
228
2599
8853
8657
8813
6999
2983
7716
7818
5246
7644
3591
3126
5253
8600
658
5489
125
8952
659
4367
6340
9140
3657
1929
4656
3116
5834
8737
7437
4886
5316
36
3738
3973
8848
736
3307
2915
4905
4905
6910
4847
8030
2163
3447
8687
4003
3571
3990
1013
4289
330
152
7945
8610
4807
1061
4443
3543
4849
5680
5210
1236
9417
5534
6435
6504
8841
9350
7760
3745
6259
2606
1774
4773
6052
6813
8775
9622
802
9787
262
1131
6290
8207
9740
1096
5619
534
990
6819
2565
6200
8055
1981
1733
4489
4836
6925
3838
2595
669
6449
5201
8795
1221
7604
5607
9996
3578
6408
6134
3839
3891
2424
8397
9982
9871
4015
6868
861
7186
9432
3412
5240
1413
1496
6080
2600
8421
9918
1547
9089
2718
3099
4235
3938
702
9841
285
631
2601
2771
4470
6491
1546
2866
6472
1416
3233
9691
8628
418
9123
2039
2009
6887
3535
8088
9486
1955
4357
7384
7395
7074
482
1630
1012
7536
7822
7648
4518
6774
418
8987
9616
1963
8205
6088
9731
7789
5778
8358
8206
1252
6749
6566
8138
283
4653
3976
8589
9010
1359
5983
6083
8193
3964
3446
2080
8138
1094
6597
4911
7863
5584
4527
6178
140
6966
5908
7928
9095
617
2485
347
7365
9050
4836
3999
3702
8811
2587
9063
170
4922
5146
8362
8885
4943
441
3374
2388
7037
4637
251
8972
5515
2780
5463
2480
8687
9742
7926
5655
2226
4624
9372
7627
9460
3370
7681
8270
5957
6743
4791
7230
8240
3152
2466
3183
9944
5840
1922
6981
476
2172
2304
5990
4951
7767
4821
9989
7508
9098
1996
6086
74
1367
64
9533
4736
4096
4154
7044
7191
8945
4273
5430
8448
6739
4964
8392
2578
6886
1724
9405
5409
379
1746
6712
8145
2918
6700
2005
2015
8695
4442
2088
61
857
7972
1149
4953
8478
8192
2143
7422
2465
3924
5869
9203
5240
612
8132
8477
2335
7536
3885
2714
5633
596
7210
8550
3648
5566
6916
8694
7
5356
5107
7216
9679
6255
2168
8156
4446
662
5577
3262
4585
7798
2464
9824
8409
6947
8300
744
4482
8537
9809
6466
9132
7018
5015
9131
2584
1931
7825
8942
3638
2931
6157
3316
5537
8324
1472
9982
8985
3400
3244
9922
1197
2059
9745
9606
9006
4397
6701
9839
2933
6509
6305
8416
3526
7671
3899
2461
5953
1723
1403
9590
1005
7559
2906
6541
2235
729
2874
7571
4128
2469
3844
5325
4528
3589
1282
9885
4337
7982
6075
3621
4490
2379
8388
4367
6402
2286
6828
2354
360
4582
1944
1364
8492
1201
4256
726
8281
7130
4649
2408
9598
8492
4084
