int_aleatorio
4813
8644
8843
9515
6609
6622
7795
3629
5732
9090
1031
5180
2346
3065
8571
1177
3133
4192
6352
8145
9910
4641
6263
9546
4853
9882
1863
5827
9799
7020
2478
964
5663
7672
6830
2272
4293
4624
2252
25
65
3283
1556
8763
6347
126
9939
5831
4318
6291
3975
579
7283
6589
125
2136
2822
8339
4314
2620
5358
6791
3583
7373
4462
412
9644
5107
5036
8247
1483
5100
1529
3038
3862
4227
3164
3801
57
3833
6443
383
763
77
3323
7239
8564
6144
5577
2877
8764
7287
6019
2346
4659
6833
2758
654
1939
4145
8900
3421
5596
6781
6458
9458
1007
5973
9610
7416
6157
2404
4150
6920
2480
7473
4158
1044
3616
6087
3920
2379
3373
6291
1077
8031
3123
186
8684
5061
4330
3935
4833
9925
715
1290
5734
8074
3615
1695
5489
9771
4098
9638
3042
2930
7110
3552
325
7078
9638
596
9456
9362
6886
6884
3744
8
7069
8779
1420
1398
2713
6252
7675
9780
7542
3408
7853
7508
5103
9693
7278
5552
9330
6672
8481
2792
223
5157
6221
6212
5753
5676
5573
2638
8912
5668
2646
5980
4446
417
7378
7158
6669
1404
6937
562
4811
1141
8069
6265
833
1698
1817
163
8369
6649
9306
8591
1806
5526
1154
3910
7553
3078
6547
6464
8745
5544
8796
3190
5961
6173
6700
2629
7576
9988
3190
8738
1129
7610
5003
1961
9307
3171
8475
4028
6171
7780
2618
4328
9657
124
8237
3562
3201
4784
6377
1946
6679
5172
5135
2639
7696
8186
1619
5271
8174
1160
361
9302
8769
1715
1262
4428
4885
9737
8455
7407
3868
7424
8087
3525
7547
6323
7086
748
7458
3462
9045
4137
8634
531
6775
6329
8717
8394
7952
6890
9553
4664
6191
4674
6378
7452
9101
7614
3540
7555
1372
7408
1330
9458
932
8877
5781
4369
5976
9590
4182
5020
3726
9167
5550
6853
1848
4266
1598
6151
7507
7502
814
3697
2175
3543
7501
7627
1156
1040
1533
8879
8447
2863
8337
5730
8091
469
98
4066
58
632
5437
136
9798
7338
6988
1645
7956
4937
7795
5462
2438
4960
9159
965
8502
3011
4943
6009
4050
6476
4888
8849
5690
9576
4578
3780
44
1028
4197
6453
1659
5985
6588
7808
3322
9927
9453
1277
4863
3599
6739
3653
4911
2249
969
9764
5259
5911
2125
5660
8738
3364
4508
4427
2939
5438
4558
9334
6465
5106
5786
4475
1090
2374
2282
764
8652
8086
8392
3515
8037
1482
7167
2947
3730
8135
9062
5340
397
1186
1000
9135
4549
1859
9913
3839
7296
4471
3172
112
9576
8958
4586
7018
7683
3220
4133
6334
1305
2524
6200
9341
4006
9718
8639
4087
4204
4053
9427
4601
5238
6778
3735
6139
8636
3647
9977
2284
4469
3149
2395
397
8458
6981
3766
6140
200
7898
8825
7856
421
5025
3549
4426
4742
2187
8513
8946
6239
4291
9898
7829
1068
3632
3967
6055
3630
3943
8338
4451
3443
733
4847
1900
4065
8612
4391
616
2861
3216
8471
3281
4592
2019
4059
9333
558
8923
4630
3148
9565
4527
976
632
4510
1294
3038
8140
5237
1376
8942
5031
8460
3788
6931
2524
8751
1321
3139
1611
888
7961
1243
5479
9980
1653
1164
6889
6927
5793
36
6491
320
7364
3474
4829
8657
6512
9320
3893
4239
4613
8924
2698
8400
2206
5221
3502
9878
4711
1464
766
2671
9059
2596
9002
711
3759
5890
3990
9552
5926
480
6223
3289
306
7403
1945
3169
3075
2190
7407
7687
7465
104
2439
6022
1676
5940
5899
2738
7404
6664
5408
6462
9260
4410
3524
9370
6651
7513
8921
2576
4345
1495
2216
4650
8898
513
7818
1972
9054
1576
6010
2870
8031
8448
8891
6058
4388
4789
8795
8143
7805
4202
956
3416
4963
4479
2785
1614
8344
8058
541
2688
9552
9109
3689
4801
9621
7858
3124
8674
9433
9134
1543
7463
7581
433
3520
8320
1573
8666
6462
5729
2867
7417
5496
4182
8248
8281
2147
6591
2690
2687
9278
8593
1795
9318
3394
7767
7175
6517
6440
6607
2002
4334
421
9583
1118
292
7902
9043
8957
716
4771
8175
8132
267
2356
6379
4899
854
9321
7588
3541
4950
2532
1687
4267
5925
9454
1441
8794
2245
4399
795
6579
4819
6729
4048
1462
4631
3090
418
5346
7861
4945
9829
4479
3652
2560
9377
4506
8232
3316
8046
3182
5847
6084
7448
8124
1889
5241
6917
4134
9639
4063
7064
4458
792
1111
2271
1774
553
2689
3471
4765
3985
9651
9243
7636
2210
8619
2141
442
8286
6538
9975
4132
2622
7422
2255
4510
9014
5523
4995
8653
9586
8410
9462
377
9521
1732
8502
6425
772
1972
1189
4756
1622
431
2392
184
5401
4532
6977
3686
7422
6951
7817
43
724
6424
904
6090
1946
2251
4742
1531
660
4203
8259
6532
5934
6760
2956
6706
5083
4144
1461
3057
4574
204
9592
6326
1088
6568
11
8509
9870
4180
8551
6945
603
5806
3034
2548
4408
7775
431
5068
8329
8689
1599
4263
1801
907
7320
6883
5050
5132
6291
5976
5336
5882
2301
6423
2449
8664
1283
8670
2843
9833
5615
3445
1990
5000
2344
6398
9127
2774
7817
7455
7815
9415
8069
9615
6673
5388
2849
1723
6872
9140
4050
8559
5021
2702
1333
3822
1365
2615
2491
559
8799
4457
355
7140
9457
2699
3537
8583
1824
1353
2389
9638
7120
458
9252
3792
2197
2101
1866
9068
7592
2267
7626
2612
4969
5310
6433
2685
7924
5276
3244
3074
9732
3598
214
5540
2648
3750
474
4472
1455
2863
4109
4926
3320
9713
5069
5516
8165
6935
936
5756
5553
4913
8367
521
223
1152
3206
4498
6427
2801
7572
2510
6398
7785
8050
5398
7886
8523
9869
5692
7737
329
617
1056
41
2038
2924
8205
5324
3859
3960
876
8771
8679
1397
8993
9830
954
9843
2608
3754
7414
5117
6503
1550
9518
1900
9435
4393
8120
5127
2129
8449
2095
3185
8489
4132
6108
3046
9455
6318
3357
