int_aleatorio
477
432
365
713
120
698
788
740
539
518
480
906
919
765
85
625
477
666
920
192
157
472
448
235
752
929
883
159
878
726
595
707
510
959
419
629
657
206
369
547
76
200
452
346
964
536
970
792
553
889
984
710
360
783
296
463
711
530
974
940
255
568
646
764
526
65
393
534
622
113
81
49
312
884
395
627
772
364
419
324
605
754
385
316
536
680
779
598
209
752
537
816
671
183
931
548
247
323
434
220
787
514
269
450
749
663
77
520
378
847
196
334
600
580
2
487
612
132
84
172
235
620
987
905
154
918
452
752
592
885
972
731
750
592
180
851
254
608
370
983
454
917
669
405
849
670
891
460
153
974
983
387
946
322
643
99
591
94
851
182
331
174
912
80
765
444
930
370
51
652
352
505
920
372
261
768
393
152
579
545
477
562
283
774
883
925
873
473
19
75
6
701
248
270
132
12
713
414
381
763
65
84
619
984
808
232
104
200
383
682
97
211
243
379
985
477
304
209
301
674
283
307
374
882
576
857
893
640
270
625
754
686
60
725
22
867
956
125
67
690
806
163
900
401
893
236
229
548
444
530
221
78
188
946
959
115
803
851
754
424
827
507
110
887
583
131
753
538
607
171
227
764
685
479
516
578
714
745
125
510
626
698
587
813
995
546
927
149
748
680
573
575
538
34
813
121
164
917
10
770
88
589
533
124
67
49
701
780
145
178
641
770
227
228
934
573
773
860
722
520
891
646
446
780
679
258
900
194
175
262
315
614
850
847
737
916
247
790
47
743
319
688
512
897
915
445
469
39
656
542
910
546
187
356
678
217
965
929
410
139
190
76
104
39
275
841
306
521
982
705
616
300
392
127
548
658
924
16
48
931
558
957
829
96
312
506
665
277
434
426
767
624
502
223
14
776
415
672
296
396
376
263
47
119
390
594
776
665
961
175
947
870
131
775
318
795
280
982
71
66
407
189
689
908
411
54
683
177
725
331
572
100
593
970
218
334
915
345
350
876
519
297
745
2
423
414
796
703
395
218
768
154
406
808
61
169
213
96
345
938
778
269
389
722
238
959
408
153
655
109
380
526
757
476
527
180
890
322
234
284
539
353
789
296
160
202
816
724
297
513
661
426
133
402
499
722
360
906
874
14
15
605
539
771
81
65
950
970
738
535
605
628
887
394
276
46
947
443
770
243
955
782
20
439
183
518
161
542
776
386
908
790
991
446
912
71
863
214
392
952
748
348
580
635
93
207
32
39
649
153
633
956
935
652
394
469
522
554
11
297
940
270
438
930
715
349
352
929
562
743
881
662
442
460
296
535
18
327
573
666
832
558
621
766
209
15
234
82
568
596
378
859
217
815
788
932
516
491
212
429
233
92
90
675
903
737
561
920
416
485
586
247
42
206
12
603
572
597
684
492
545
414
350
761
228
490
44
95
980
256
524
565
347
613
591
602
702
151
521
117
987
106
363
29
664
726
631
587
674
314
78
570
727
780
683
307
621
726
401
952
333
276
516
32
241
458
633
942
960
153
58
947
611
772
975
626
849
605
212
522
270
642
444
349
773
126
655
393
851
407
344
184
35
212
215
275
21
199
216
981
351
625
279
313
748
253
938
596
209
502
469
830
495
912
178
619
37
184
11
240
943
706
775
977
269
341
251
290
539
818
622
241
794
900
554
541
504
843
488
712
344
308
541
190
220
71
808
608
254
170
199
196
228
973
172
496
665
774
137
203
591
758
444
384
9
349
276
512
191
115
575
535
423
116
76
994
538
884
953
791
53
152
987
280
476
510
128
141
284
264
695
226
374
138
610
734
486
237
246
677
704
820
563
126
287
638
471
824
873
423
967
926
926
305
557
402
814
684
894
449
300
588
675
673
726
636
758
563
872
3
591
575
175
505
52
813
495
522
989
367
297
955
644
222
259
201
975
72
236
868
873
535
456
547
559
533
182
317
447
405
671
390
980
197
894
383
10
740
257
998
459
553
304
102
774
562
654
101
985
242
968
857
776
775
755
687
659
936
355
458
341
25
847
672
574
92
54
583
832
310
932
290
214
587
743
340
500
749
440
484
990
759
693
117
886
447
155
896
735
509
353
75
886
199
746
459
291
151
393
474
813
676
763
26
262
857
365
761
605
156
596
946
267
640
63
152
439
217
47
173
78
400
599
963
950
696
773
592
846
165
65
10
192
179
388
453
388
104
565
992
260
512
938
526
504
352
677
294
920
75
466
997
826
416
959
776
111
731
367
308
247
784
318
438
962
705
242
349
808
158
693
419
22
982
296
877
685
324
170
604
399
987
601
224
402
911
999
512
994
718
171
592
501
488
382
814
544
975
515
704
485
559
474
506
892
770
382
576
93
903
179
491
889
131
67
642
394
417
153
739
134
675
330
986
163
63
152
58
38
18
113
522
576
587
379
467
356
760
394
448
14
924
291
902
55
357
543
800
773
47
538
259
721
219
596
235
282
747
645
671
116
757
192
691
343
570
509
698
681
902
498
694
826
788
947
232
496
841
383
268
239
272
878
311
490
826
898
123
924
542
145
40
298
688
730
993
257
591
690
289
492
187
334
669
326
632
252
821
472
634
441
62
905
318
373
747
495
270
221
419
811
366
458
460
53
539
452
662
129
494
302
973
32
636
993
358
267
245
178
91
230
618
152
135
288
876
233
782
145
453
200
307
818
9
119
223
548
922
884
676
415
185
1000
799
172
993
156
791
589
333
233
818
303
736
952
942
612
536
723
108
989
275
767
158
283
237
380
182
158
615
858
925
152
209
723
675
201
230
465
141
914
49
959
216
785
262
157
748
798
232
207
786
858
973
295
492
561
675
674
719
641
531
995
144
91
69
819
292
298
635
784
211
684
742
779
468
4
287
567
153
870
773
938
727
746
584
219
306
258
892
376
251
774
722
394
864
790
564
507
87
199
291
650
882
32
780
701
387
66
267
539
936
39
828
14
136
412
232
794
21
475
521
623
248
243
17
112
32
580
970
471
130
260
472
11
644
251
63
382
316
329
921
603
720
100
617
855
511
848
1000
884
323
521
506
922
763
874
385
146
806
355
616
935
966
87
298
609
337
360
991
5
689
263
607
760
362
223
614
225
423
614
108
97
134
965
18
248
839
403
393
996
109
361
930
74
447
579
683
136
939
25
492
979
287
98
738
1000
673
351
224
447
316
683
895
801
648
912
400
838
666
793
185
774
153
114
200
951
693
234
438
983
258
929
961
896
379
698
895
403
400
471
201
68
505
95
220
504
358
620
341
376
764
525
501
916
991
700
218
35
933
8
17
542
288
329
789
18
26
36
420
777
506
972
844
10
66
416
866
776
35
206
151
798
83
651
65
425
703
634
811
635
641
827
529
929
155
317
946
532
352
718
660
209
41
856
571
459
271
436
234
305
993
736
454
427
738
518
851
440
503
13
427
144
839
955
424
345
623
721
228
975
790
888
183
831
743
105
289
13
540
874
669
533
609
122
311
698
991
514
138
493
526
564
988
717
870
411
413
492
484
641
466
273
880
1
455
974
457
95
338
997
968
6
881
928
479
191
626
821
704
115
665
582
678
653
298
899
415
710
390
898
350
208
523
581
560
977
554
16
424
891
364
391
248
244
671
78
787
648
898
842
762
563
423
791
567
720
689
981
782
78
231
483
637
105
64
196
433
617
212
856
860
575
599
459
171
269
537
309
268
786
150
29
700
925
819
266
644
507
599
777
936
181
260
573
285
323
768
69
291
331
925
502
258
875
961
780
495
849
88
762
634
589
142
334
513
960
599
509
818
549
285
753
729
544
677
365
866
445
434
509
127
710
10
736
936
322
515
430
170
602
543
804
543
684
489
55
995
87
563
812
988
200
916
716
743
593
81
961
389
866
469
515
927
830
251
862
152
117
291
321
71
185
476
613
868
964
667
862
403
582
25
390
781
940
105
523
532
537
835
920
402
303
787
680
485
389
541
636
505
183
308
575
367
784
187
586
747
206
799
149
787
823
538
919
763
995
793
646
883
628
918
637
282
704
316
766
444
857
401
948
391
709
875
758
492
413
695
590
618
494
91
756
316
980
674
430
974
467
76
209
446
993
845
727
48
160
493
491
368
893
790
759
953
664
868
444
429
562
386
46
407
476
154
723
455
827
504
781
645
579
989
90
923
833
817
322
344
661
812
712
553
954
470
506
969
689
301
397
250
38
443
9
513
948
83
320
126
586
452
123
517
792
212
439
976
380
761
319
392
924
30
945
229
851
802
198
539
454
594
141
492
388
149
356
335
583
27
461
168
478
583
684
269
146
475
596
878
587
915
269
510
296
565
739
147
718
288
37
172
881
529
15
621
29
722
955
611
749
767
779
578
701
462
199
199
288
794
428
874
708
696
736
4
613
474
502
330
113
538
853
993
67
867
965
447
589
920
58
689
38
836
266
91
649
464
289
937
258
68
810
317
115
545
320
727
370
173
409
482
63
261
827
481
480
791
927
420
62
984
108
452
819
373
542
820
189
182
756
798
601
565
114
715
462
786
442
831
958
850
665
20
462
843
852
941
985
779
360
47
762
819
850
933
192
743
752
732
276
507
529
876
423
994
590
884
779
383
67
89
232
83
460
694
925
312
986
261
90
346
659
203
164
508
135
707
250
886
790
525
744
318
752
167
312
342
402
442
724
820
530
308
902
342
353
178
653
338
791
742
683
449
296
199
957
431
905
558
316
695
435
412
364
186
578
27
879
331
821
955
151
350
262
404
691
966
934
695
303
724
788
338
172
84
536
480
514
792
38
181
838
472
592
554
9
521
932
888
852
752
842
354
102
455
757
144
420
42
191
74
765
978
763
289
61
650
768
926
794
157
459
631
980
50
536
989
923
468
876
126
219
69
479
672
523
587
168
294
629
358
719
745
687
482
385
748
131
505
25
924
661
483
907
641
885
442
629
807
261
856
932
480
924
762
503
798
348
670
443
976
379
161
73
66
994
457
813
125
961
189
400
622
672
306
614
908
100
594
66
360
449
349
191
724
110
694
521
457
715
315
785
94
475
857
159
469
313
323
945
274
511
344
247
534
2
860
441
453
805
506
164
253
854
355
976
315
400
848
772
114
162
908
559
636
764
717
456
428
39
400
53
902
96
299
435
449
510
876
901
314
733
64
918
939
770
893
253
521
740
376
635
253
283
193
889
46
262
696
474
300
448
878
553
895
177
988
343
38
215
243
704
947
658
621
885
780
866
490
300
957
865
286
210
148
831
450
545
92
145
370
743
944
248
296
838
776
635
180
813
849
774
868
147
784
841
384
563
706
873
214
14
737
500
223
236
330
24
781
773
521
150
515
464
397
162
302
172
796
833
337
996
607
556
143
390
396
526
304
453
750
517
467
838
368
41
74
49
417
206
821
937
355
688
400
104
849
53
275
645
886
963
640
844
519
134
585
266
11
240
71
760
756
889
950
476
281
375
524
697
580
345
633
934
384
385
37
232
789
664
228
26
978
868
869
496
353
453
114
364
692
184
475
800
72
424
627
704
150
150
401
729
846
385
15
229
769
51
461
910
66
40
935
44
259
804
891
612
608
4
975
652
539
801
803
962
577
429
666
726
930
66
807
776
802
821
356
923
871
168
832
937
208
766
332
466
921
222
77
529
578
403
532
116
556
334
430
132
762
95
209
691
512
15
818
313
835
174
235
58
341
418
346
900
184
677
366
104
250
794
984
827
197
515
295
104
200
724
235
961
170
795
4
681
810
173
345
996
346
932
53
39
349
398
290
532
426
655
988
676
449
323
502
997
838
796
100
37
871
686
350
40
480
705
72
641
877
417
637
575
700
689
965
48
439
254
932
864
909
919
539
709
241
393
57
430
540
508
819
763
193
168
802
24
224
874
665
100
642
301
674
341
341
638
740
779
244
671
995
504
941
885
564
182
277
620
963
169
127
781
931
671
300
84
694
523
309
358
623
950
10
648
642
351
638
382
481
881
52
475
736
993
360
299
526
988
918
488
508
396
621
438
66
272
522
111
795
830
821
769
132
830
768
773
180
405
506
13
637
558
487
724
902
198
22
427
186
291
266
693
686
238
483
103
510
356
214
304
537
386
424
668
215
191
793
747
948
298
759
936
207
597
660
108
795
681
886
980
972
504
24
9
741
506
464
250
861
29
905
398
414
328
417
628
871
561
726
818
211
836
105
417
433
764
877
227
797
114
558
120
617
581
128
358
87
591
959
299
619
216
48
32
895
817
12
765
377
89
934
587
925
39
356
357
154
584
583
950
697
140
69
666
72
549
375
158
139
333
809
110
900
208
493
795
24
856
911
753
945
845
691
869
235
398
225
388
981
159
690
30
650
110
695
721
658
69
231
149
753
39
258
653
598
102
447
622
958
357
726
254
553
416
474
787
814
698
527
146
208
568
175
857
677
869
929
687
289
159
835
42
549
444
694
147
545
140
120
854
848
845
107
753
612
580
891
777
629
769
923
188
336
449
396
365
670
325
51
958
835
885
999
736
328
692
234
224
183
353
78
383
549
536
135
512
468
25
289
448
794
563
636
129
11
383
845
680
59
895
638
894
779
988
629
458
680
862
34
214
566
111
596
466
998
730
977
817
755
617
265
900
179
252
380
542
634
225
573
693
119
562
938
250
550
566
59
229
779
92
442
696
554
390
513
552
119
841
368
225
458
984
124
988
235
504
881
221
80
454
913
198
367
850
799
916
767
858
496
897
949
290
944
855
679
456
758
797
296
477
374
105
461
497
93
47
352
973
267
783
778
531
981
145
380
131
412
498
340
908
746
641
197
689
495
227
496
252
23
792
728
748
896
188
597
340
587
300
665
853
83
442
384
415
938
115
545
350
965
885
257
710
525
805
751
371
31
246
622
405
37
349
153
285
889
749
976
827
48
640
679
482
434
414
896
371
529
441
72
845
677
328
554
553
484
304
923
866
550
544
271
938
244
775
574
484
875
550
310
274
189
341
756
622
754
651
345
634
443
416
478
471
96
384
23
579
39
945
445
940
840
67
230
436
841
803
271
715
704
933
988
893
273
95
866
378
746
562
12
540
978
841
11
73
576
33
3
615
330
799
554
521
217
783
308
57
586
579
123
641
511
463
533
783
557
751
512
654
312
523
546
641
716
556
65
291
940
420
257
621
570
811
142
787
593
449
195
530
379
318
171
889
132
55
23
40
157
535
46
821
409
591
813
476
498
878
767
437
649
23
58
218
185
551
4
130
999
199
659
730
868
181
618
351
588
993
390
96
527
787
916
287
377
81
763
874
958
881
663
606
903
720
175
440
270
179
569
620
729
579
701
596
760
319
946
699
663
687
794
541
474
62
827
202
142
589
428
451
821
90
408
724
161
582
515
782
760
83
401
488
661
102
435
772
772
732
470
786
771
264
326
244
677
152
797
818
93
224
268
913
665
675
988
825
608
502
606
368
584
359
207
597
812
994
368
935
725
838
720
847
453
45
442
129
196
239
298
640
814
917
553
479
943
892
303
550
394
261
269
329
619
828
925
430
821
293
364
897
482
83
744
934
127
185
414
674
775
711
314
589
627
218
419
921
109
73
470
854
333
739
183
951
566
107
732
738
751
95
634
232
529
729
517
7
266
930
33
40
640
346
980
618
915
398
538
23
471
360
877
155
450
411
106
367
869
837
104
620
284
89
203
164
818
720
171
435
1
203
474
641
900
806
610
814
555
500
188
377
211
416
532
660
826
989
26
695
177
481
666
460
569
220
976
738
939
498
172
940
700
998
932
951
155
893
116
709
744
303
86
954
71
969
965
896
957
342
942
133
822
959
945
743
179
920
832
469
769
4
760
468
353
43
770
507
288
237
567
31
539
4
337
961
972
653
857
280
995
150
413
168
109
709
910
639
980
742
107
748
97
219
567
449
261
336
307
900
572
873
931
462
877
619
423
200
271
631
480
265
132
892
785
240
952
694
230
931
787
689
678
235
907
244
683
519
931
341
419
854
214
701
667
442
671
441
641
941
423
120
558
555
363
342
146
666
387
376
596
174
64
625
408
322
220
443
840
502
135
610
355
700
662
374
141
332
814
134
625
237
605
534
791
320
875
936
985
261
663
933
786
726
557
546
399
777
340
591
630
474
552
985
174
214
710
666
897
523
799
521
111
404
54
253
723
280
541
59
893
203
991
30
281
548
927
679
676
266
269
305
92
821
641
617
386
702
282
282
577
433
155
687
188
560
940
910
192
480
320
84
34
311
465
314
210
392
345
237
9
965
893
100
785
886
716
522
587
998
156
163
782
662
850
969
221
141
230
764
972
549
199
5
859
664
671
420
407
15
656
415
979
549
515
116
786
582
637
372
931
792
887
712
805
88
680
26
228
909
141
199
458
340
555
668
355
225
88
761
239
95
175
218
995
41
685
780
623
321
504
553
465
390
617
269
477
296
646
704
205
787
254
662
478
160
681
832
385
768
944
975
215
470
544
209
511
228
341
485
549
844
389
365
233
5
633
61
301
631
764
857
417
369
518
246
880
550
429
264
318
372
591
884
841
134
92
351
714
432
187
262
627
576
978
211
932
962
271
232
592
386
440
360
754
957
605
986
507
33
249
176
404
191
59
597
325
502
299
38
286
486
651
264
413
980
475
344
941
745
928
533
131
367
892
236
676
849
221
534
233
822
61
989
12
471
585
688
972
883
77
609
720
79
873
132
58
347
476
999
91
755
531
221
121
774
457
796
974
677
681
207
498
741
195
862
211
779
549
535
13
626
143
733
704
367
864
762
65
691
112
156
445
994
728
918
119
536
65
93
565
746
299
414
838
493
275
49
623
176
583
635
801
77
719
856
796
935
969
860
625
80
367
422
425
447
339
544
334
755
636
898
500
934
664
338
778
290
738
752
465
672
738
617
100
457
473
895
391
793
107
367
225
825
788
649
271
478
192
957
233
179
854
732
112
869
421
241
159
158
992
623
181
730
592
281
186
64
527
928
208
633
294
432
810
82
81
432
559
624
388
791
803
594
875
266
462
647
507
972
157
850
947
337
579
538
969
116
953
496
395
160
480
689
592
289
122
24
721
32
647
460
175
449
53
401
715
515
47
573
838
203
422
784
892
353
321
860
820
273
707
215
433
187
255
376
827
376
399
899
407
45
359
933
494
411
333
560
277
380
132
115
934
905
898
177
609
571
37
429
843
95
995
627
633
601
2
460
328
400
358
86
445
68
19
290
831
351
201
107
730
684
573
16
588
823
192
549
393
580
329
235
675
675
214
307
275
215
118
602
615
828
687
411
895
705
52
725
56
252
184
137
935
756
504
874
578
696
774
322
627
102
557
301
776
770
960
50
336
77
3
302
904
690
712
151
746
115
227
153
366
410
642
652
518
145
878
447
192
651
769
819
105
677
471
880
798
782
282
133
859
284
787
114
325
498
616
71
965
843
223
682
252
864
686
121
361
563
568
552
565
688
722
669
364
545
901
513
326
534
645
184
169
431
650
494
281
265
564
597
459
138
278
711
354
963
183
714
525
750
617
442
437
691
462
152
235
714
664
560
247
661
96
416
443
745
261
75
361
824
671
820
313
949
882
18
911
64
731
788
166
700
581
954
390
42
106
624
108
121
535
354
781
630
121
576
726
381
650
439
556
321
610
221
621
491
238
531
906
321
670
423
372
250
729
761
644
834
736
751
306
622
456
439
252
929
14
329
309
663
767
217
335
376
789
307
218
26
838
476
346
859
250
69
461
978
181
104
163
916
854
469
890
661
907
141
589
272
821
250
286
588
818
621
315
606
927
885
631
116
360
329
327
961
397
787
939
578
890
101
845
95
921
734
107
827
226
696
98
47
945
736
986
762
356
652
367
634
536
349
102
247
29
428
208
426
566
146
355
455
598
551
901
519
285
7
697
862
54
147
260
350
882
597
463
589
249
181
574
136
530
675
735
558
454
294
335
19
791
41
825
388
592
77
258
228
436
955
89
489
101
701
839
982
297
301
570
897
482
143
385
363
170
119
272
975
412
607
346
202
999
522
941
590
599
199
817
34
153
906
874
605
958
712
586
254
365
507
503
198
1
887
560
522
357
183
497
768
141
194
321
140
715
261
729
313
459
546
698
963
803
572
567
112
635
504
365
999
10
219
548
363
105
107
236
461
642
732
580
782
925
900
921
992
513
2
304
323
899
354
286
701
925
204
812
911
708
528
910
69
747
457
783
203
916
19
16
557
102
595
338
379
847
611
370
359
612
25
33
510
378
318
562
654
874
725
565
581
604
826
1
702
634
784
905
549
802
920
457
903
866
147
633
712
109
2
422
720
27
455
581
404
124
142
410
997
866
974
929
821
799
930
523
784
65
427
333
218
698
141
472
563
639
105
627
747
106
48
466
484
854
398
240
978
539
649
326
756
622
607
577
772
888
451
555
952
877
239
521
926
732
992
488
370
96
466
469
554
514
286
37
719
684
628
696
222
276
374
330
249
980
258
372
219
708
927
522
936
517
42
861
600
33
700
322
481
166
790
386
31
75
774
749
758
402
797
332
677
522
661
926
853
270
649
71
977
927
592
912
444
633
124
395
17
823
716
497
340
505
882
722
580
8
471
689
409
619
20
437
140
32
714
992
301
363
62
629
289
5
892
84
637
15
479
653
190
194
502
529
699
735
251
630
742
73
318
150
691
690
587
182
73
652
525
374
14
586
354
303
590
246
386
578
260
864
582
449
410
83
330
460
818
580
89
559
4
758
61
46
799
999
227
872
650
751
597
664
688
950
318
629
195
55
558
807
271
139
255
680
222
936
139
391
867
579
949
870
688
361
915
487
359
493
358
9
595
954
24
634
903
693
614
450
747
171
256
17
310
862
696
883
150
186
273
16
116
573
886
804
934
152
290
292
997
647
652
591
952
27
577
206
719
190
655
818
361
262
834
22
476
882
256
625
419
528
992
535
100
877
338
33
381
627
677
377
625
680
319
576
59
895
133
777
85
788
946
797
401
780
818
228
661
73
204
431
952
196
965
403
424
654
788
804
632
464
180
256
495
851
183
553
745
316
682
829
455
627
977
207
758
146
435
770
570
990
201
521
185
165
924
609
819
711
764
802
526
296
58
372
146
592
277
890
259
310
71
713
288
47
920
46
193
706
167
114
47
367
635
232
884
910
192
54
972
955
855
849
250
264
220
395
856
496
637
114
157
707
179
445
105
450
842
649
507
8
763
553
375
397
784
258
658
327
663
629
282
517
477
883
781
48
630
988
544
266
101
52
972
279
496
76
80
337
77
586
345
839
139
71
587
274
680
244
601
342
224
234
858
700
116
990
747
745
977
642
10
78
694
333
708
541
761
788
878
837
725
574
675
863
644
613
137
323
856
89
16
79
322
873
130
437
863
228
534
839
870
895
268
915
228
328
455
340
467
684
528
191
257
554
406
252
166
894
926
21
982
941
451
303
814
580
91
28
807
976
218
28
871
838
942
450
165
397
789
983
80
668
173
689
221
578
940
386
823
866
406
804
158
208
458
323
787
549
350
945
524
920
973
746
757
266
195
273
14
335
255
446
2
779
134
222
709
425
607
531
642
364
687
800
571
144
122
709
44
824
6
920
743
978
665
851
595
860
475
609
546
81
406
548
859
539
769
919
315
728
802
957
443
488
756
366
631
229
74
27
52
79
946
794
408
610
996
355
821
470
963
367
550
368
914
761
258
34
31
924
113
832
880
556
319
987
921
950
216
346
976
267
777
273
413
536
882
408
890
703
230
852
421
779
571
334
891
180
719
922
104
184
753
335
91
72
322
11
373
537
708
700
155
484
972
567
20
205
975
909
259
204
113
679
334
35
364
577
567
435
850
670
618
602
356
708
25
677
70
749
565
777
800
720
613
123
638
984
328
612
244
938
167
708
617
853
743
980
781
309
414
630
330
383
583
685
90
960
714
511
60
278
288
860
349
252
334
987
235
13
950
478
951
117
186
567
321
280
898
101
940
664
82
269
46
664
305
488
975
18
998
35
648
637
246
996
888
579
982
122
592
932
952
542
400
137
460
72
768
357
524
707
372
605
975
418
620
631
257
595
1
606
629
648
243
226
643
482
804
977
956
395
260
907
288
11
395
747
434
162
104
957
220
475
561
194
244
532
176
852
126
176
458
106
823
52
331
818
533
135
146
840
881
757
746
169
767
492
915
200
5
370
156
224
197
68
769
440
599
945
644
77
472
101
534
295
504
865
464
388
351
609
228
583
365
325
751
483
817
18
682
173
387
189
397
583
608
517
375
206
461
370
634
933
822
168
579
325
384
42
712
734
2
939
316
366
616
419
848
432
436
881
956
174
421
352
109
28
869
835
585
681
204
219
965
25
386
543
701
769
936
412
854
937
703
521
654
670
939
853
101
726
85
408
252
505
760
360
532
980
194
117
12
749
335
329
773
72
223
825
192
159
236
45
447
290
917
453
959
856
305
411
933
390
819
184
246
930
895
778
261
88
894
624
188
580
952
312
3
175
136
194
685
372
590
483
13
506
935
324
713
592
86
998
981
256
533
578
185
428
355
797
867
600
773
55
531
724
366
533
250
502
78
934
225
19
417
589
877
703
912
941
294
998
938
626
253
471
204
790
898
558
938
116
510
710
170
40
786
536
925
35
389
354
321
613
373
89
201
601
791
465
541
85
814
831
62
418
301
265
559
550
175
497
665
684
558
835
723
695
722
999
82
110
353
402
74
77
842
626
677
984
90
217
68
903
47
482
673
699
746
231
600
920
79
265
955
989
451
30
683
524
28
764
985
732
517
58
808
358
683
484
342
125
53
761
379
451
594
51
150
340
634
749
611
712
365
566
700
815
947
735
690
974
498
674
706
367
731
513
76
766
349
769
242
401
882
620
851
475
671
352
814
656
101
777
367
817
694
419
984
640
153
673
613
2
347
670
368
429
535
796
546
235
564
787
987
445
407
837
272
429
541
437
84
993
213
802
809
906
220
792
897
724
465
862
726
163
531
445
943
417
240
489
651
156
627
637
952
33
826
223
813
366
660
248
710
224
50
518
482
621
310
378
345
126
239
70
640
122
514
582
538
106
422
541
261
49
529
212
433
354
435
246
71
446
845
780
669
894
650
150
515
959
528
859
436
118
280
427
239
793
8
129
250
782
669
510
182
549
74
614
255
860
211
325
305
56
457
973
301
106
475
167
416
2
25
203
471
304
629
710
449
988
838
50
769
858
560
950
758
985
916
12
844
478
337
500
533
145
472
186
602
298
352
369
651
377
571
122
32
551
831
832
538
20
882
659
229
793
960
986
129
875
998
972
353
686
471
237
182
294
422
783
944
774
151
594
502
73
715
885
623
897
717
512
916
950
170
496
94
130
834
222
356
831
545
60
868
367
297
49
660
70
183
955
195
685
549
696
757
263
933
731
160
1
242
427
950
764
275
395
893
108
968
600
290
512
12
157
878
660
557
889
729
739
844
924
775
392
971
531
6
903
613
517
903
854
296
204
617
570
950
861
677
917
813
318
428
824
474
657
483
382
898
211
472
741
486
246
484
809
128
841
63
740
358
318
593
653
873
562
222
823
774
250
739
586
567
519
409
392
527
243
125
424
806
596
516
643
841
351
451
968
192
866
707
901
183
651
553
55
564
126
229
338
727
320
275
645
190
36
388
716
278
512
492
83
107
359
726
299
710
528
618
253
393
676
153
575
678
57
982
242
182
210
931
260
529
205
904
70
592
643
786
870
154
277
304
612
635
381
262
696
909
879
948
653
906
452
580
583
508
561
824
41
122
106
300
3
663
555
72
254
197
857
475
702
485
779
665
472
511
278
519
771
508
819
424
413
270
3
996
778
915
171
818
36
629
470
390
291
376
462
544
925
670
371
978
507
149
643
330
11
272
848
782
780
666
205
192
936
559
539
65
473
62
234
508
690
55
898
980
431
711
875
707
380
245
684
886
745
678
567
756
950
415
537
729
432
93
272
367
651
163
783
123
224
17
982
265
423
231
596
853
941
822
559
673
67
595
910
163
272
477
270
221
891
158
301
322
250
925
41
252
439
823
726
662
191
708
278
966
290
873
818
583
46
729
255
464
675
164
627
946
640
248
519
882
406
171
204
7
95
596
259
533
770
336
546
313
395
175
278
685
399
447
267
445
527
521
908
201
36
886
147
676
134
17
909
539
187
464
897
634
59
155
166
829
491
64
493
237
238
770
921
637
568
187
433
95
59
340
647
95
226
145
122
359
161
30
249
348
494
145
981
904
652
498
84
494
913
576
730
151
697
651
139
265
189
571
711
600
262
357
46
487
854
167
197
14
548
445
713
393
942
693
297
593
543
380
86
455
956
815
957
4
817
447
620
358
17
330
957
631
39
2
117
892
520
666
257
67
110
970
460
403
14
756
995
556
487
432
363
794
599
671
798
767
118
417
124
486
99
80
116
489
433
585
380
952
250
988
19
711
957
830
114
971
937
460
878
423
892
592
217
490
263
366
256
380
134
732
217
584
811
333
72
596
269
803
547
518
791
917
580
747
98
693
69
34
153
947
809
396
538
377
237
152
742
844
883
227
575
100
811
738
784
882
333
52
685
879
921
827
148
500
573
245
193
994
279
697
940
439
92
829
815
328
981
556
171
863
782
746
314
592
835
97
826
167
500
862
397
420
688
544
920
260
789
464
253
419
160
544
857
603
725
671
282
57
578
452
919
711
549
585
655
383
681
480
901
181
693
298
600
380
841
871
991
981
334
596
751
845
139
959
447
215
629
728
271
558
532
542
621
432
126
275
167
806
106
67
338
798
364
290
177
557
512
519
537
846
114
640
690
605
598
489
819
579
216
90
136
747
983
756
531
108
382
697
265
839
763
955
636
479
244
164
35
107
35
923
952
148
562
994
752
160
482
923
738
49
364
225
148
346
333
678
805
66
374
69
905
136
375
892
966
970
408
1000
77
442
923
28
589
836
373
693
995
854
967
84
903
330
309
402
27
993
79
183
58
452
251
962
939
978
206
905
947
613
256
23
54
178
403
994
14
775
38
360
981
356
444
235
37
104
636
63
448
714
245
857
517
848
819
807
825
376
63
771
988
319
794
393
848
548
386
213
322
776
573
302
131
368
536
168
823
171
582
622
236
827
478
752
26
648
911
202
23
973
972
10
291
117
402
491
664
140
703
338
915
627
639
397
346
527
564
520
49
146
141
285
324
971
388
701
618
298
902
641
623
225
2
913
342
756
755
357
895
458
694
161
436
685
557
134
563
473
653
611
970
146
247
645
116
635
345
85
284
246
77
906
470
79
171
163
834
925
872
80
734
917
592
522
601
500
655
163
972
659
126
293
804
372
937
271
358
281
356
642
878
432
899
700
862
421
862
47
698
733
478
783
650
69
304
602
569
310
117
892
969
242
537
772
965
473
395
323
106
750
316
983
533
566
682
747
987
896
793
36
980
271
818
981
691
474
583
611
783
51
503
751
644
39
523
608
863
917
282
968
18
949
303
902
515
336
648
853
583
793
888
563
415
705
543
105
178
477
716
313
527
570
63
522
960
937
130
822
205
763
142
222
712
444
476
226
131
123
78
714
915
317
276
681
21
170
786
551
647
853
215
525
422
277
47
381
214
528
554
418
290
695
992
1
138
467
578
269
941
655
334
208
971
609
888
344
778
673
246
776
525
460
301
298
88
347
678
301
874
232
71
163
278
414
516
416
880
93
36
172
748
721
379
70
329
267
765
458
291
362
234
168
173
534
465
261
232
495
913
105
78
335
619
355
748
134
122
979
579
509
151
326
229
529
747
909
147
864
367
438
225
952
605
398
837
421
10
68
915
922
524
992
257
494
699
4
980
820
335
558
329
485
235
909
365
981
818
512
196
536
301
421
487
905
170
675
325
179
94
592
452
969
935
708
462
633
64
793
453
398
350
133
234
584
393
598
917
210
461
112
97
761
884
935
665
53
609
342
583
702
285
35
22
219
94
836
852
157
628
656
906
978
140
491
913
532
89
181
94
549
293
190
310
528
125
326
933
733
19
515
787
303
901
160
522
995
995
725
503
623
380
761
952
519
251
864
402
691
45
495
240
689
685
901
216
161
578
500
245
597
15
31
251
267
543
772
261
537
496
764
159
227
876
110
97
126
326
499
817
722
345
408
410
381
660
977
541
237
477
786
185
843
168
436
109
710
559
722
599
407
837
757
633
712
219
82
837
896
932
5
617
276
764
378
9
423
354
549
12
182
686
196
376
206
983
837
267
542
558
865
948
394
974
932
105
192
13
293
439
944
650
55
572
413
432
580
836
137
128
847
319
166
394
46
371
377
882
637
270
791
502
569
184
827
500
640
370
865
285
808
808
934
214
731
346
645
310
533
781
790
731
451
955
125
849
677
853
730
665
474
521
518
42
56
344
893
696
713
757
332
520
917
265
733
647
962
729
309
495
862
98
577
664
52
53
512
80
905
594
744
730
114
262
771
521
605
16
568
318
772
899
189
40
515
274
39
477
2
347
323
863
444
899
527
847
952
390
278
208
983
21
938
448
282
708
969
239
723
536
908
847
787
96
238
301
369
276
777
723
974
451
937
769
350
815
967
653
205
244
860
539
265
797
987
898
857
307
136
931
842
395
129
980
491
367
281
211
994
409
933
320
860
870
88
561
684
407
213
240
650
72
779
266
221
765
164
429
71
651
359
264
46
840
596
888
558
876
98
551
636
383
222
495
252
662
55
287
68
619
527
717
43
657
335
263
421
850
691
843
500
401
458
897
240
53
136
797
928
234
700
564
968
273
410
571
934
817
857
1
435
735
70
829
391
404
91
163
253
133
5
104
534
463
353
125
515
488
274
795
73
973
710
40
245
471
610
531
287
819
531
74
553
952
902
296
707
345
458
959
477
815
415
362
629
767
839
143
254
112
289
679
436
350
718
32
821
328
562
459
146
445
532
50
396
786
345
103
130
155
413
958
969
827
672
597
945
510
91
551
973
732
229
408
81
946
791
253
625
353
712
122
797
595
172
544
732
868
998
213
22
411
171
342
589
194
938
534
55
381
84
27
112
664
786
544
961
928
797
586
280
508
59
428
454
230
324
186
450
321
398
471
731
920
165
320
113
102
205
519
482
288
897
945
303
682
489
263
962
285
200
241
144
259
21
949
840
344
134
289
664
884
112
395
803
276
66
268
377
270
138
211
909
35
155
211
68
995
825
29
279
25
270
774
635
642
723
474
985
208
763
648
91
874
394
246
501
811
865
877
80
2
439
340
388
946
902
456
940
727
484
571
103
753
696
737
746
770
210
730
978
324
730
420
549
475
17
49
286
233
926
717
587
716
57
974
13
958
429
305
36
913
227
138
17
922
226
763
692
436
492
21
759
573
440
308
48
809
356
333
41
633
49
627
701
457
601
713
767
29
17
802
293
595
292
310
517
517
72
560
952
915
580
63
488
19
722
887
827
429
219
220
414
619
846
114
428
446
178
194
827
547
995
119
141
286
780
657
803
851
568
106
118
147
520
605
166
241
491
344
22
61
563
435
31
761
900
458
558
429
651
384
975
998
855
468
635
634
124
789
837
692
247
954
190
766
910
355
359
752
51
732
164
965
166
194
725
417
4
283
845
654
18
820
3
872
287
990
858
762
778
46
805
24
999
995
142
260
701
852
363
103
583
526
68
748
719
792
516
722
426
360
728
444
531
82
667
817
71
524
931
201
921
87
576
271
433
717
530
486
568
892
588
150
769
7
249
488
799
116
561
576
476
640
19
6
74
686
175
144
561
457
696
482
543
272
752
328
988
634
813
908
877
400
409
646
407
10
485
557
125
45
132
600
37
503
958
110
188
484
605
100
940
301
933
834
572
37
161
911
670
973
818
546
373
227
543
131
588
27
687
712
424
170
664
812
672
621
921
211
456
877
311
395
177
243
580
100
279
741
11
300
713
180
198
437
758
740
919
345
119
605
57
542
127
72
353
798
44
625
9
499
501
671
893
30
913
472
481
544
564
843
195
629
23
744
65
132
836
336
477
954
292
885
847
418
956
551
216
999
175
576
497
27
246
741
408
510
564
241
405
480
83
600
108
457
695
524
941
530
859
417
483
151
653
681
568
608
231
135
958
757
710
806
136
955
898
895
817
813
487
221
292
570
172
399
378
867
923
318
396
781
86
231
283
738
911
851
697
494
337
6
602
47
163
737
353
60
984
169
873
470
742
164
391
913
563
121
779
837
438
527
969
876
757
252
965
19
454
14
864
790
19
466
188
534
202
541
593
537
61
817
7
154
981
397
67
895
517
197
731
307
723
51
534
831
302
498
202
107
863
65
249
234
530
436
767
84
328
359
620
741
176
626
894
508
375
960
402
891
509
484
549
231
886
82
414
540
932
615
646
794
679
894
27
209
682
793
292
9
504
911
749
31
889
643
538
263
954
291
505
462
126
406
45
11
487
810
902
770
424
548
564
454
793
942
662
474
735
305
483
590
568
583
620
808
577
509
70
531
799
926
344
276
331
740
638
170
549
540
939
972
439
854
426
231
796
439
57
882
96
539
471
15
473
90
822
50
950
243
580
100
520
275
375
851
15
364
372
563
255
310
887
693
516
664
276
311
102
332
544
549
222
14
563
694
455
736
743
404
330
674
855
850
949
229
700
963
944
71
877
199
732
763
243
599
426
518
909
880
201
804
428
422
817
343
116
623
430
210
378
760
884
232
609
184
812
660
146
756
82
374
306
813
137
548
412
562
418
672
441
618
476
221
40
644
915
507
267
696
716
644
455
951
876
415
134
39
74
631
794
155
5
451
320
141
999
83
54
768
106
847
385
933
419
776
577
685
634
195
380
702
190
835
652
417
249
138
456
675
768
249
829
124
700
148
616
50
582
22
169
688
868
553
620
638
681
196
322
666
742
701
367
932
887
371
348
488
860
803
162
979
404
990
103
455
490
70
856
71
91
24
758
958
928
378
595
960
925
268
626
19
969
344
950
855
66
649
342
925
804
503
904
559
845
358
365
334
427
220
404
518
595
514
827
874
243
774
834
167
41
811
185
361
506
486
568
572
135
261
848
290
764
103
848
960
460
212
293
239
783
48
108
377
913
286
250
155
59
435
322
452
245
858
164
103
344
731
674
830
992
873
119
107
976
966
66
435
177
710
25
311
109
132
687
22
418
288
176
828
723
497
279
319
707
443
421
50
525
446
231
516
319
349
974
294
666
39
80
194
100
105
504
209
236
190
230
653
829
405
481
551
254
111
870
312
905
642
713
430
88
943
297
406
643
271
699
308
661
778
501
761
882
356
969
470
545
550
474
725
306
306
276
559
769
497
870
673
490
582
454
577
876
103
982
518
725
32
825
385
162
677
145
395
32
465
864
928
366
690
653
672
995
280
582
763
128
804
788
617
737
241
194
613
695
527
130
419
911
307
804
72
983
300
818
367
117
34
294
482
723
298
505
717
577
87
480
704
890
619
321
626
859
866
238
906
744
720
324
654
26
479
77
360
779
895
726
247
928
372
80
650
669
585
718
246
671
549
301
560
167
973
185
378
838
775
283
582
846
606
587
871
85
664
582
215
910
660
813
837
31
892
838
51
476
555
648
146
456
949
57
622
273
594
999
111
368
281
44
213
887
630
435
323
293
368
889
202
27
701
390
409
592
579
460
68
486
459
565
941
759
622
562
32
215
561
142
934
841
537
498
79
166
284
753
459
651
641
12
678
341
754
438
933
332
897
352
817
708
916
757
466
537
319
849
103
231
342
36
423
878
885
854
44
168
606
854
819
247
217
848
939
970
285
223
654
534
574
470
241
842
579
58
378
249
907
833
479
248
220
253
478
105
106
521
624
712
726
442
310
942
289
248
264
574
471
917
459
44
738
699
885
668
108
615
916
14
799
746
614
18
999
91
474
456
963
98
167
40
891
476
981
532
76
596
105
546
864
563
941
954
613
826
621
720
792
889
86
590
634
51
959
984
493
785
440
807
882
958
846
772
786
178
655
861
774
759
406
989
673
698
942
637
523
563
709
666
451
794
607
436
196
566
772
688
350
563
494
583
520
691
706
657
868
361
517
993
471
274
982
496
972
923
132
846
485
840
864
287
985
470
723
180
387
846
219
736
408
64
670
279
754
376
936
622
88
804
614
558
430
595
53
401
870
537
598
706
728
461
993
713
283
67
244
669
912
815
405
671
878
426
949
632
801
236
605
888
40
570
798
469
517
202
221
386
738
170
91
466
631
435
530
265
501
125
933
764
939
689
434
817
115
383
800
267
618
404
507
9
973
304
477
489
505
49
226
243
219
317
60
201
751
589
465
604
713
397
367
652
86
153
820
552
535
619
818
504
374
324
513
698
979
341
539
484
742
764
78
960
80
137
512
183
77
976
138
789
724
504
792
161
656
963
712
542
581
530
398
306
205
262
4
184
954
542
19
695
657
96
6
89
584
517
271
660
844
408
800
568
263
944
728
271
906
440
164
839
321
561
144
525
822
499
60
776
392
78
822
49
173
828
137
108
344
759
767
188
518
919
107
780
862
834
402
767
625
566
957
297
126
101
822
300
951
233
427
343
311
248
391
835
75
879
943
771
637
61
310
154
979
416
933
192
601
687
311
578
252
267
874
377
719
47
28
670
280
454
12
590
702
754
776
128
632
718
898
268
779
559
421
109
974
705
301
927
743
963
504
994
229
377
723
948
776
750
969
55
204
332
996
257
85
771
736
68
841
634
687
619
544
107
79
870
163
731
796
906
693
651
251
922
379
973
221
154
75
189
560
630
520
907
886
956
30
621
23
870
606
709
840
150
167
918
371
681
649
166
938
341
816
189
614
194
513
186
700
587
374
259
216
245
518
453
552
547
426
574
416
383
634
607
532
152
524
254
185
524
419
122
217
586
662
182
132
175
368
831
113
741
441
329
338
310
133
889
856
558
815
623
941
800
229
824
952
753
78
136
628
848
609
844
434
271
26
917
797
745
99
909
485
891
589
174
201
722
63
56
279
877
679
219
676
259
395
979
363
472
466
991
319
75
186
104
697
563
20
845
307
118
753
144
9
694
317
209
415
379
616
693
607
646
264
635
905
10
613
267
481
431
609
151
857
147
255
553
709
626
749
368
96
853
511
104
546
179
664
960
910
631
5
516
277
620
502
533
629
467
799
461
897
760
611
753
906
217
657
614
195
405
333
290
257
843
393
803
22
408
114
283
38
470
798
666
89
652
198
69
118
997
529
366
108
492
470
13
708
126
978
254
882
311
543
490
153
287
644
526
694
758
808
84
227
958
749
668
961
947
736
78
295
265
795
402
756
264
414
815
389
391
69
622
701
963
111
206
250
755
83
295
864
243
378
442
552
127
109
512
425
845
589
719
461
383
472
568
998
237
734
386
979
154
359
32
117
469
237
366
575
671
660
438
913
390
880
464
868
340
975
292
536
915
362
996
649
185
563
646
421
649
383
399
802
741
430
918
210
18
283
136
689
295
574
601
684
805
417
551
144
391
194
680
658
555
27
306
91
942
304
511
590
686
909
391
779
691
309
340
708
943
475
748
589
48
349
624
204
117
174
700
859
719
379
516
625
757
174
715
698
477
225
287
162
486
678
292
176
338
631
235
632
106
983
221
153
683
844
709
799
370
408
657
88
138
525
65
894
698
779
592
174
356
878
687
841
907
979
368
596
609
954
228
714
936
448
219
970
643
279
120
12
686
777
452
823
653
516
716
350
294
307
523
1
537
561
193
795
891
560
391
500
866
618
565
801
417
135
123
59
413
242
423
98
370
874
920
22
389
988
371
34
646
245
387
534
806
579
329
696
139
719
547
4
688
112
156
456
598
278
866
11
872
288
460
241
161
380
263
901
719
633
287
364
230
673
898
35
251
578
82
741
296
981
96
335
444
604
790
41
233
655
51
104
295
511
345
807
242
607
708
312
591
346
27
820
18
924
206
620
853
288
713
500
268
160
834
63
763
975
103
996
982
506
99
276
368
795
82
609
401
141
272
344
838
298
163
207
574
369
827
426
8
891
926
627
50
759
689
813
86
791
160
419
648
610
46
15
405
479
623
157
620
246
500
457
544
663
664
117
383
842
542
390
732
467
368
781
578
56
945
15
198
104
433
846
714
478
860
470
956
835
626
927
80
126
384
623
140
399
91
522
592
633
263
675
451
630
807
380
37
752
394
234
207
826
431
272
303
291
741
259
477
367
185
908
844
920
883
983
670
973
856
613
957
118
287
760
99
446
139
135
197
533
720
755
358
151
379
13
793
119
623
621
837
159
528
680
431
410
14
452
383
221
65
691
690
703
450
788
148
589
274
696
121
346
451
830
496
829
194
640
299
816
260
488
975
787
519
757
549
533
208
931
105
272
973
795
975
423
934
122
11
208
170
483
553
972
664
400
152
858
391
450
25
650
937
351
788
808
107
336
692
315
618
796
586
943
590
912
365
524
386
727
83
555
561
987
526
576
738
677
433
128
478
810
129
767
160
268
574
267
956
265
581
925
412
518
867
2
430
231
877
815
309
311
721
869
649
598
445
386
626
229
865
103
38
345
221
550
964
146
816
919
410
396
844
822
913
710
175
694
293
403
860
953
713
580
822
361
529
618
98
154
198
314
609
588
10
829
137
973
975
304
892
736
699
87
909
963
148
83
9
440
485
868
393
549
800
566
261
328
535
710
482
84
23
90
23
384
270
511
357
596
814
600
332
864
686
240
179
833
675
187
625
511
54
369
60
205
934
320
533
820
382
366
255
756
807
278
140
76
788
496
672
954
95
355
169
132
946
347
964
620
533
940
131
939
308
542
143
593
861
27
764
594
392
19
350
198
648
489
626
435
984
649
740
430
3
909
561
948
255
876
920
140
816
50
430
475
591
572
68
803
599
831
397
342
201
98
540
848
586
165
635
921
165
374
350
167
282
262
466
889
489
385
380
656
786
809
131
728
732
198
531
682
380
279
24
581
376
915
428
313
431
414
233
595
788
934
113
421
195
578
309
683
315
688
339
100
848
821
828
580
18
710
261
749
340
636
681
67
550
461
379
980
874
963
574
661
896
38
82
90
616
742
124
282
782
814
381
629
634
560
560
3
621
821
752
312
456
784
378
358
244
108
337
118
70
263
130
965
300
563
406
267
657
530
548
438
695
281
418
329
192
978
331
813
150
434
476
957
218
206
314
813
313
3
282
735
617
412
51
268
326
809
535
982
690
434
771
384
66
541
712
258
518
395
422
19
180
897
975
397
102
641
562
767
995
843
853
611
606
903
230
932
711
116
265
400
550
388
136
615
928
847
224
797
593
645
815
773
894
141
521
995
781
82
113
775
277
965
737
882
220
967
165
282
82
782
34
983
169
169
950
96
367
173
892
960
170
706
84
63
846
604
409
979
38
522
105
314
486
194
547
57
512
712
339
945
493
372
928
661
540
229
108
906
401
999
217
922
56
300
984
253
904
393
231
293
914
688
606
751
881
152
808
392
215
498
688
707
869
615
719
760
195
826
17
596
824
234
869
231
533
853
484
788
597
66
432
510
105
37
612
985
541
771
728
755
268
416
462
488
382
532
247
577
358
264
524
533
849
392
764
733
596
599
873
192
16
304
53
121
341
665
457
233
787
185
987
55
952
800
894
685
332
141
261
41
756
136
573
604
880
688
688
475
638
560
667
654
864
719
774
556
735
230
788
522
766
126
576
69
926
469
754
609
961
366
649
68
502
573
23
381
261
711
855
250
270
873
903
485
592
28
40
678
258
179
199
375
305
126
444
582
947
197
190
259
562
190
327
415
762
349
795
374
59
2
624
681
874
878
165
817
906
557
847
515
735
45
889
391
171
332
324
469
880
865
727
442
54
53
856
168
402
3
893
812
356
516
844
581
746
9
750
651
917
596
165
3
640
405
746
162
737
69
630
968
934
357
409
339
409
617
506
162
971
399
326
326
266
169
906
11
529
7
13
445
602
529
800
594
934
545
755
22
613
737
989
898
93
750
237
853
366
94
367
688
844
44
365
110
212
622
472
93
629
485
537
230
13
336
823
946
232
930
319
845
666
308
742
110
57
978
314
774
424
680
813
267
723
177
376
287
798
200
379
426
684
267
656
48
955
830
346
186
111
664
382
776
971
124
237
379
453
551
504
876
582
316
143
657
492
870
943
642
69
673
67
104
939
74
152
245
256
497
783
366
160
164
494
483
287
730
213
92
632
717
319
214
32
813
870
876
683
164
517
103
836
583
207
126
9
710
723
264
206
505
629
717
668
122
551
307
204
764
398
835
480
716
400
863
529
269
738
563
784
606
17
971
541
223
449
549
284
171
164
841
27
792
558
694
266
108
1000
469
871
749
655
702
817
55
565
345
675
654
259
811
612
275
781
152
850
581
52
133
751
215
974
129
358
883
823
975
342
174
795
565
275
450
266
91
856
182
787
530
188
45
692
799
671
473
302
520
405
353
5
508
919
330
636
276
212
810
251
553
984
397
469
610
846
87
700
53
268
838
583
807
234
626
605
904
98
258
424
855
610
780
362
880
109
997
508
320
807
110
224
142
506
45
751
352
131
802
756
750
639
690
557
872
316
513
127
765
771
902
619
732
681
980
612
789
977
119
460
783
228
36
276
733
80
26
436
562
179
192
311
169
881
867
40
196
732
518
961
502
420
579
233
100
911
844
241
887
314
52
21
541
87
296
626
518
673
61
79
851
252
390
371
485
608
410
680
339
927
992
192
698
923
425
150
833
620
390
71
934
441
91
826
880
738
451
749
762
512
828
964
115
569
334
599
528
95
631
219
373
974
410
71
896
186
220
80
806
961
150
91
753
592
916
984
681
367
733
442
230
912
757
696
832
90
647
359
184
629
929
909
602
339
979
850
524
550
929
681
510
431
771
614
374
39
598
407
405
330
200
986
241
957
681
424
46
327
134
582
955
63
490
909
401
820
758
276
721
38
957
230
820
727
843
546
765
792
952
521
121
151
858
713
107
539
136
505
217
270
438
524
684
279
432
84
98
541
359
818
578
667
399
750
746
593
295
510
385
246
383
857
396
240
570
855
130
57
359
699
678
148
222
361
426
5
796
875
545
155
692
474
173
442
223
918
34
869
428
770
466
162
627
862
753
548
68
883
604
778
581
282
925
154
994
350
158
790
224
702
296
267
527
468
60
102
386
445
970
165
215
436
326
193
649
78
740
68
312
343
845
244
976
769
397
322
470
554
111
45
607
758
663
134
225
722
587
962
518
556
126
84
343
803
276
343
233
15
762
544
710
606
788
37
726
184
358
547
90
820
591
696
577
605
181
154
678
767
115
196
675
593
279
369
395
907
64
627
921
825
523
982
783
662
371
508
197
80
55
286
900
997
334
828
954
866
333
631
633
448
178
659
40
809
379
786
715
442
765
987
267
287
321
49
300
691
908
496
770
314
134
21
663
819
849
616
684
533
598
668
980
128
326
371
936
705
157
2
498
921
988
116
559
660
516
858
350
424
705
120
737
838
140
751
8
340
718
692
873
316
359
204
795
37
575
82
93
83
83
942
355
422
58
913
82
573
122
431
996
826
902
85
16
42
187
23
733
905
66
605
572
777
161
366
813
735
447
257
817
881
198
523
302
255
435
735
180
556
518
175
381
419
611
748
812
798
771
545
702
188
501
625
964
661
990
128
747
788
384
915
668
934
437
321
540
871
56
719
778
925
246
511
343
856
258
155
5
380
51
58
568
903
682
531
564
23
659
662
810
394
577
829
679
13
502
219
236
557
289
365
481
534
875
175
742
485
681
746
864
83
156
431
986
837
314
901
212
324
562
373
69
490
202
748
855
703
318
90
611
606
454
443
140
681
969
233
165
650
978
28
732
133
811
69
322
476
321
885
799
883
257
219
724
458
966
578
512
283
19
474
241
473
268
732
505
237
964
669
238
941
48
321
426
210
390
99
685
710
983
835
944
591
54
668
49
371
597
912
654
616
738
246
440
5
977
944
593
940
612
830
232
11
503
9
221
244
459
257
305
441
92
601
32
497
268
432
867
864
695
872
831
784
117
270
789
93
213
733
384
176
915
616
187
417
624
759
660
435
15
316
227
458
916
610
954
535
41
821
751
88
692
581
871
161
851
11
253
63
744
637
591
10
604
129
426
579
887
437
13
253
752
240
63
20
849
16
554
242
188
656
329
232
237
551
392
439
914
996
853
9
984
443
18
587
571
795
166
809
231
178
414
334
417
476
705
266
843
259
859
383
266
539
614
502
89
357
940
354
352
793
362
336
587
731
922
510
525
439
318
107
617
83
793
385
558
497
2
753
107
860
135
373
398
100
226
839
456
518
544
159
662
258
494
248
988
768
757
865
558
427
971
526
861
763
911
771
612
264
523
718
124
9
442
873
108
668
63
563
537
959
73
198
216
567
445
203
686
554
419
243
332
390
769
192
504
31
962
115
294
484
185
769
844
978
994
951
997
408
865
533
366
938
730
581
856
527
136
893
80
554
135
763
295
255
954
799
637
916
265
931
751
801
51
595
131
44
545
127
452
762
12
169
699
93
750
906
619
237
798
50
142
932
812
437
539
766
587
175
33
203
457
135
356
860
729
486
903
626
964
706
739
975
875
437
68
976
342
38
564
139
88
705
422
251
493
312
368
431
839
400
634
647
535
341
506
615
826
409
592
789
466
330
116
340
118
535
667
811
572
230
949
659
287
723
910
779
386
277
210
224
29
195
223
915
535
728
881
712
488
473
500
954
802
967
645
272
501
312
82
73
893
31
83
179
105
344
310
842
973
519
418
1
65
640
267
599
367
147
310
855
971
161
160
125
480
804
396
980
467
477
404
360
859
487
890
315
830
199
157
802
717
574
154
133
213
772
83
931
919
744
137
241
257
296
365
736
452
760
67
918
237
471
277
95
309
167
410
138
717
918
292
786
491
797
918
55
569
1
985
839
744
122
79
352
769
796
87
220
555
154
138
143
976
766
590
284
284
351
773
1
268
64
786
110
213
55
164
781
55
500
971
151
973
401
502
742
196
941
961
103
446
450
245
421
216
834
56
851
536
828
851
803
244
988
912
808
43
427
940
449
927
910
599
899
310
453
640
858
745
953
960
190
402
204
962
969
390
369
820
277
548
670
80
143
10
343
950
52
122
889
500
48
150
451
298
812
255
290
669
999
242
980
540
643
535
853
964
924
221
783
553
768
804
632
263
813
326
212
864
447
453
716
846
602
166
144
765
420
433
433
770
26
412
309
20
947
161
983
222
733
765
774
852
569
757
114
733
435
678
597
881
130
664
727
83
181
222
848
600
6
632
721
31
396
29
50
694
541
33
915
625
797
41
476
717
149
942
450
583
619
398
816
100
413
894
534
593
115
381
544
120
365
264
150
760
644
199
805
536
583
71
160
732
111
987
800
612
928
249
194
546
998
9
997
762
902
531
354
368
263
897
487
627
160
988
738
155
539
542
690
121
613
849
852
75
836
652
686
763
252
232
661
602
240
9
363
494
539
69
861
154
965
700
132
477
687
222
631
577
115
321
698
727
521
901
154
356
904
191
471
508
422
483
109
14
843
823
507
382
891
719
887
208
418
18
36
457
239
666
33
354
338
82
432
859
983
937
566
238
128
388
745
901
222
205
914
65
28
772
798
270
491
684
829
908
53
864
716
644
882
749
997
219
830
780
429
164
717
347
402
196
86
146
96
308
351
10
372
730
781
521
351
623
204
180
531
608
395
246
251
276
346
247
847
176
379
627
339
447
973
740
642
59
238
89
718
588
450
441
669
583
961
19
205
516
550
87
123
297
685
374
924
30
972
122
557
702
749
248
148
73
339
141
483
576
230
200
515
679
640
535
613
952
554
818
467
455
256
590
103
940
315
27
322
286
148
230
340
896
477
487
321
168
628
803
743
209
3
610
239
994
144
852
298
49
21
764
856
276
705
958
216
371
984
889
9
484
118
348
731
947
834
51
114
813
854
208
21
208
817
260
553
313
111
850
713
131
966
568
406
22
526
973
393
861
213
401
344
683
100
75
629
933
477
742
746
682
301
118
241
470
377
146
782
839
995
494
969
312
62
727
686
939
51
78
799
616
830
495
298
281
921
926
213
397
19
310
431
319
780
671
788
156
816
921
995
163
415
315
826
828
393
511
118
796
940
916
763
121
762
60
401
682
337
966
431
707
275
861
25
54
883
165
562
699
437
908
213
851
574
38
30
319
901
147
114
840
415
228
961
176
287
713
210
975
678
640
681
953
852
57
358
734
573
271
784
10
178
348
212
752
738
242
70
638
740
535
829
506
762
141
682
400
854
243
726
531
234
406
835
85
814
545
170
387
815
306
396
993
653
607
96
390
200
517
27
292
403
208
797
516
348
830
267
201
424
992
732
657
397
918
93
562
462
263
948
277
568
695
269
572
654
716
962
205
232
340
496
986
547
645
501
895
826
767
447
250
110
530
906
858
448
999
419
909
613
367
185
180
61
805
103
714
520
416
271
103
108
766
440
654
762
940
900
588
58
699
837
519
228
742
376
675
92
795
584
704
161
120
235
573
925
338
639
796
753
909
899
860
674
338
866
436
630
117
375
39
167
211
558
395
304
933
69
396
727
4
99
239
124
334
812
48
23
450
843
127
710
93
339
735
783
556
522
764
672
896
154
839
106
711
585
410
996
5
805
74
9
255
313
484
940
476
531
962
277
725
89
986
170
427
720
304
982
242
67
5
489
220
195
595
283
779
356
630
136
512
703
144
766
367
627
706
842
509
19
118
585
107
455
754
885
175
409
218
768
475
223
608
47
769
202
681
900
909
310
35
420
12
530
538
379
156
243
572
16
613
690
600
720
496
706
956
670
114
174
789
941
748
397
339
516
950
19
415
211
680
449
630
691
330
519
421
485
113
345
852
726
386
452
445
881
509
400
903
974
925
691
914
672
439
604
188
741
622
954
951
301
755
932
344
84
451
116
921
563
460
772
288
845
575
84
78
83
836
980
57
760
22
322
432
461
926
971
553
899
924
503
552
30
434
895
114
884
362
34
799
822
805
86
18
732
170
95
814
357
426
222
116
448
896
899
260
173
221
812
71
145
314
622
526
99
868
639
335
230
24
133
403
181
570
772
912
739
219
77
447
644
651
563
443
546
813
702
718
34
513
140
530
178
114
55
277
333
694
963
914
69
95
316
249
664
440
512
755
10
589
201
653
239
115
448
136
928
149
205
961
14
696
490
191
809
544
819
494
589
781
407
10
227
75
610
243
514
122
997
523
62
549
527
652
664
974
787
591
475
343
903
840
38
744
30
199
639
201
692
580
333
450
589
912
524
198
154
389
671
502
263
732
50
142
383
713
115
521
655
941
863
909
780
901
652
162
451
291
714
142
870
398
591
810
309
467
7
462
855
30
963
118
761
13
259
496
77
725
16
84
18
231
992
149
483
644
310
933
286
375
426
507
773
368
316
81
834
674
895
41
703
857
510
816
221
120
311
650
196
678
733
565
260
724
714
742
719
375
26
4
750
451
510
522
819
177
954
4
851
848
44
553
705
905
368
277
24
30
926
220
60
10
136
319
734
849
413
804
224
438
160
973
889
21
846
59
198
799
62
48
647
458
952
703
362
672
979
386
53
257
957
112
266
92
783
351
293
195
155
516
632
666
840
872
686
37
930
235
835
992
634
833
449
938
887
810
609
218
547
661
474
855
125
91
299
907
442
591
101
948
458
84
613
649
956
650
685
885
237
871
228
870
704
676
159
590
838
767
159
736
780
632
943
256
723
593
162
516
183
614
463
992
49
427
640
4
428
324
241
664
546
468
886
249
496
44
191
685
163
349
772
294
333
714
549
407
306
62
922
840
675
736
183
75
162
822
431
589
497
671
605
43
490
490
643
985
885
185
21
47
886
793
340
218
858
240
624
516
301
897
355
327
632
890
402
145
711
832
733
560
854
689
602
343
530
596
680
415
781
700
813
666
492
153
235
702
392
858
217
45
106
923
371
737
812
772
881
523
955
965
434
808
654
387
151
535
982
830
949
114
529
114
779
373
618
13
74
361
222
642
405
327
564
776
415
376
899
647
250
854
612
683
13
617
69
163
151
402
344
452
516
225
565
646
949
182
11
22
542
584
15
947
263
578
74
677
953
972
324
554
177
287
236
190
255
656
704
757
58
400
208
925
624
124
570
572
657
580
945
199
164
959
497
426
536
922
454
841
245
129
394
422
415
982
963
669
637
18
426
46
417
985
970
40
461
892
611
117
823
907
315
338
217
163
763
753
84
569
945
329
697
690
102
464
671
416
484
660
433
261
705
850
598
27
889
58
918
852
174
740
110
841
78
327
3
192
431
439
112
375
119
161
64
220
624
87
635
107
746
67
720
802
268
317
828
157
374
97
360
547
837
469
387
266
795
742
809
225
180
921
599
298
433
15
869
56
453
855
514
198
273
233
999
541
901
179
49
274
275
408
821
463
876
559
80
23
300
889
247
479
161
198
128
593
564
348
1000
16
202
513
565
475
98
915
367
998
93
415
624
720
822
444
182
49
354
262
71
654
502
670
484
14
867
964
958
430
311
957
797
865
821
361
691
270
275
57
620
720
823
243
439
644
38
620
44
391
233
467
396
734
136
880
99
2
195
56
783
857
364
579
721
537
291
411
806
565
819
425
636
641
667
74
636
704
46
680
447
278
498
842
364
633
73
462
634
267
870
768
124
585
346
844
121
636
607
279
552
425
55
188
418
74
613
53
129
658
84
575
936
581
417
651
213
841
112
198
108
333
965
583
918
662
778
390
649
384
20
553
161
75
92
578
148
704
630
276
362
66
203
649
646
971
299
211
811
762
408
270
447
725
852
364
738
630
105
739
365
125
291
877
199
382
806
698
85
788
325
798
853
527
446
498
497
96
708
308
858
468
929
304
544
781
19
281
762
475
19
478
599
661
707
149
42
512
198
479
299
523
276
151
49
722
1
898
817
60
557
26
879
485
681
422
617
51
55
378
526
425
208
476
86
914
977
479
425
174
957
76
696
585
226
97
306
578
346
474
638
902
852
516
738
532
290
355
935
344
84
460
768
291
935
205
556
263
36
333
437
992
408
484
576
985
932
233
563
277
59
552
178
262
419
916
145
708
270
79
403
705
538
523
996
825
79
903
87
114
235
875
458
642
359
385
979
642
970
893
919
28
444
96
641
214
363
785
274
984
864
676
689
753
550
36
929
629
290
368
742
525
242
199
518
952
584
496
594
553
740
864
932
183
311
572
749
674
708
22
9
923
697
49
676
599
436
956
227
726
323
968
250
917
519
119
220
102
967
813
6
706
676
937
241
987
860
989
12
567
10
372
490
58
421
517
656
856
472
882
581
147
202
182
63
720
301
282
173
619
447
178
324
474
466
564
460
325
552
823
243
913
195
84
971
967
952
978
822
776
212
755
922
413
288
984
484
940
265
656
558
711
833
882
185
650
445
996
326
349
171
568
261
717
4
583
683
307
561
856
82
772
962
3
536
250
986
19
541
603
674
99
665
858
980
201
507
776
549
832
476
71
751
737
787
106
319
821
413
879
676
494
2
990
497
537
591
834
555
131
788
580
229
805
437
560
5
943
688
905
126
163
975
877
899
761
982
570
933
746
800
609
240
802
950
88
690
540
273
597
670
413
176
899
217
613
810
221
907
497
126
33
660
100
261
910
213
594
831
145
340
631
105
931
784
54
370
473
593
642
69
263
54
245
513
622
209
322
843
115
171
320
499
182
771
759
443
335
353
274
832
692
904
936
622
39
342
991
511
286
984
932
900
390
528
412
11
736
86
205
202
608
524
701
789
647
459
231
981
811
856
812
854
111
100
827
149
441
169
12
78
505
943
978
894
822
389
256
909
826
813
110
433
688
162
573
334
621
156
667
783
11
830
989
122
929
815
622
721
336
633
799
840
927
128
85
748
868
692
8
694
504
118
478
192
279
51
525
251
558
543
386
568
373
374
41
653
540
663
726
875
647
876
66
574
3
502
673
870
194
681
563
697
150
393
240
780
795
765
31
352
659
416
919
31
141
960
36
680
974
761
907
620
636
972
545
990
474
218
859
19
250
774
67
399
166
307
178
960
71
208
311
81
975
581
112
115
892
499
795
865
259
701
837
246
24
381
235
849
950
93
867
199
218
934
597
383
240
775
694
662
334
356
742
661
937
205
127
828
703
921
45
313
973
881
558
349
613
792
197
563
237
416
761
454
701
358
189
292
484
882
305
169
238
46
181
526
603
308
353
657
228
749
322
553
629
879
253
594
23
801
156
611
216
916
416
268
625
604
559
460
838
863
629
427
261
809
952
215
116
656
871
696
757
192
600
385
423
852
330
797
4
485
407
220
401
822
839
377
778
398
837
967
612
817
393
872
625
696
86
93
703
309
140
459
852
739
196
626
942
525
422
297
362
828
516
114
2
707
490
131
104
326
97
67
142
841
939
119
888
376
563
590
36
702
401
888
792
948
513
85
824
935
381
185
114
249
298
467
955
788
597
410
465
693
476
959
885
766
429
772
142
991
714
529
692
114
416
835
61
281
919
884
567
651
421
32
899
718
499
205
857
447
614
674
492
442
984
376
559
412
148
52
402
861
581
445
326
348
631
738
628
901
973
546
551
393
578
802
463
428
6
319
874
972
344
365
765
327
93
323
738
592
375
491
804
955
287
129
302
917
866
282
817
838
827
720
583
404
521
45
831
878
363
57
849
59
773
613
385
865
288
123
808
14
965
611
968
252
739
621
168
956
902
337
146
81
56
728
836
576
772
19
453
486
75
654
544
199
618
929
416
905
403
223
918
719
834
237
970
924
210
490
880
463
826
377
543
881
104
379
808
227
397
612
712
823
265
608
21
883
888
436
139
642
11
409
360
844
997
330
767
206
819
998
669
996
374
563
876
829
941
35
407
689
646
471
863
263
78
236
497
965
671
635
606
681
395
317
876
392
646
995
597
816
344
617
811
70
180
38
898
120
72
305
161
70
775
23
332
204
258
828
520
281
814
477
313
209
793
541
600
791
535
548
606
230
165
417
299
344
454
549
815
878
853
975
947
979
350
630
534
959
457
53
591
270
881
256
478
673
796
429
463
682
977
69
911
141
837
210
484
642
758
650
519
962
977
817
292
678
446
177
636
254
581
579
524
461
186
353
133
333
782
948
366
758
16
276
898
204
837
733
845
946
382
716
259
710
884
902
387
682
78
375
935
658
953
458
118
490
811
603
822
592
550
187
701
917
814
950
472
3
34
316
948
415
383
559
477
619
460
863
300
890
237
234
899
541
44
369
30
854
323
851
797
872
389
849
140
203
798
611
205
831
278
504
597
13
62
73
631
874
936
282
115
524
515
365
65
558
733
94
763
55
297
911
278
685
759
417
239
908
379
443
738
657
299
687
669
712
759
651
585
46
932
51
570
798
416
986
708
500
79
470
907
727
733
184
764
843
953
2
751
331
797
488
339
95
526
359
806
285
361
743
682
292
145
603
90
560
588
149
412
19
970
318
745
702
853
860
545
805
862
295
488
658
134
178
104
660
537
909
296
897
3
977
541
148
932
982
59
519
130
470
537
99
139
634
153
992
493
697
796
706
343
635
715
828
813
818
487
701
79
134
949
81
463
841
580
394
822
639
264
303
460
153
754
599
786
906
942
630
954
89
688
648
724
402
475
888
220
314
588
298
447
888
730
261
729
310
654
902
300
270
557
111
422
662
61
559
567
2
188
872
91
227
519
166
629
345
53
848
658
992
497
457
231
226
717
959
887
723
213
538
992
121
649
413
782
709
971
700
711
510
571
153
737
441
318
365
785
370
564
795
713
412
251
943
637
319
254
876
41
818
413
384
938
61
796
719
122
118
418
832
980
340
336
68
780
653
784
916
374
347
710
86
758
960
380
746
279
985
973
671
802
386
55
739
798
202
809
271
320
578
454
651
917
789
718
48
441
501
964
814
199
673
251
956
985
631
53
615
615
26
637
769
763
691
507
912
893
668
183
564
245
988
566
514
777
283
561
217
783
876
383
333
549
633
288
885
615
692
851
582
69
487
350
183
178
208
95
422
875
629
337
472
616
902
985
744
536
545
313
670
421
695
2
321
679
641
557
646
332
407
227
753
245
928
935
774
487
381
195
714
9
883
185
977
136
169
72
23
65
384
692
837
78
693
157
757
685
65
402
369
823
980
121
68
259
55
841
745
436
388
458
796
622
642
124
758
162
196
780
227
579
824
63
9
868
572
765
553
988
518
921
811
849
41
878
107
95
718
851
882
457
661
678
79
302
801
188
816
348
319
42
927
142
456
935
10
379
51
914
367
920
834
177
120
226
406
226
672
475
428
554
932
88
583
362
742
735
549
557
83
867
950
361
361
757
295
722
136
697
635
854
616
820
382
735
45
787
312
716
613
91
621
544
531
203
257
624
290
805
532
372
24
481
732
384
589
378
105
724
74
91
577
41
910
310
127
954
96
790
21
709
880
642
604
762
196
861
385
485
17
916
208
40
748
939
775
337
668
231
60
93
321
989
133
230
298
611
535
746
400
556
806
280
549
409
393
744
621
778
581
638
693
788
29
793
79
156
129
746
738
540
839
59
880
323
640
530
934
175
275
333
82
80
964
630
840
357
725
813
486
305
802
530
445
830
322
523
337
450
620
75
342
810
485
221
133
124
750
418
650
376
750
731
455
66
360
647
774
437
459
259
741
260
788
537
441
110
59
130
911
31
556
252
840
40
473
972
515
574
389
165
950
491
895
756
908
607
402
681
43
212
291
135
823
430
672
616
891
82
745
802
112
300
405
952
691
229
275
205
803
16
369
752
858
616
507
765
574
261
797
616
472
439
102
647
868
773
262
759
855
6
912
318
657
316
621
347
545
896
903
699
263
624
450
472
239
308
588
812
920
384
779
744
174
232
390
41
5
651
799
211
8
710
880
16
378
501
714
274
748
616
972
10
239
773
481
829
432
68
992
352
803
122
95
976
354
836
368
710
838
519
272
197
228
151
212
957
651
925
230
398
892
553
759
483
325
591
311
757
10
303
460
164
424
906
139
129
741
859
838
578
377
109
774
956
260
337
913
262
613
494
12
504
47
770
986
723
713
297
831
722
951
290
886
726
547
376
855
287
234
692
216
962
153
341
918
764
677
182
377
289
675
388
145
73
510
130
796
222
778
978
943
80
620
180
806
166
908
660
805
141
703
20
103
207
361
372
970
37
553
699
678
227
86
822
652
595
951
447
168
81
776
463
160
395
642
317
561
549
328
365
42
383
736
496
589
96
867
911
133
771
609
162
349
694
983
1000
641
933
798
808
365
574
270
525
968
264
841
880
812
169
596
205
551
332
700
491
427
918
401
911
688
361
72
37
407
54
388
47
339
186
206
703
111
828
579
78
443
420
310
254
940
905
811
842
236
862
332
15
780
85
277
819
445
349
207
851
754
595
249
92
780
807
147
890
986
725
319
428
496
980
33
435
885
843
628
472
705
312
838
836
396
115
654
192
815
861
395
568
455
643
12
586
801
158
827
786
882
497
213
378
477
246
164
713
88
792
536
144
103
374
979
850
488
985
41
302
845
435
221
651
430
232
588
230
389
414
368
623
262
580
352
738
825
515
802
265
658
338
760
112
63
739
961
902
723
354
555
919
140
775
921
921
7
508
151
747
273
870
369
886
449
720
976
626
587
777
242
244
466
1
356
528
91
668
429
813
373
983
83
513
110
3
433
116
862
935
862
486
804
583
372
605
654
347
582
240
123
823
484
941
823
191
468
914
210
249
78
583
583
161
447
692
515
231
159
729
518
373
214
673
955
585
277
608
283
858
200
406
32
683
698
855
225
165
768
786
765
197
720
348
709
166
391
576
749
550
304
266
922
869
938
876
806
567
835
88
776
34
845
808
68
542
14
644
59
133
430
823
329
149
522
38
667
913
965
415
462
268
32
383
136
321
610
941
239
796
381
367
182
225
526
601
767
539
245
177
23
26
999
351
526
521
740
192
785
704
958
246
323
341
980
459
662
941
751
900
88
131
266
269
708
791
870
826
681
466
2
703
491
1000
406
368
872
145
560
8
201
869
605
523
210
584
333
223
876
436
122
964
918
740
232
625
882
453
450
563
270
803
617
760
803
22
128
26
519
39
386
71
259
990
945
820
574
278
42
801
65
516
764
982
255
348
959
488
152
760
50
422
563
19
533
717
40
660
94
910
50
479
980
661
469
925
480
394
554
522
194
618
37
310
951
643
9
261
130
160
21
532
581
935
550
114
651
941
125
744
851
527
575
182
187
43
458
18
788
11
539
981
980
927
642
283
569
650
543
699
810
915
230
742
849
779
207
499
71
684
595
921
210
521
455
748
563
912
765
702
275
656
34
254
582
676
888
151
325
431
849
486
697
430
580
546
560
138
396
630
821
342
903
382
862
357
129
776
620
246
477
894
901
511
500
834
538
387
984
214
169
184
700
866
965
631
411
524
768
158
154
589
500
56
322
361
764
803
137
383
48
965
629
300
475
128
133
12
514
469
578
683
4
277
548
969
259
310
492
26
467
997
966
966
404
288
679
519
90
815
902
489
131
530
140
958
9
624
321
522
444
898
556
448
526
103
768
784
412
611
162
231
608
479
196
363
118
874
882
207
40
135
47
171
16
186
128
24
162
448
545
605
346
453
404
871
555
171
7
319
782
168
549
741
998
96
455
116
970
336
674
361
470
721
531
485
258
10
860
419
810
757
376
507
209
779
729
763
950
735
433
83
254
333
175
252
429
629
367
750
317
40
110
138
112
993
975
370
354
834
140
163
590
515
669
798
294
750
913
595
484
697
29
90
30
555
341
458
535
59
559
851
98
668
341
210
12
315
931
366
148
70
528
90
937
549
239
582
298
151
528
133
848
908
222
229
462
914
38
996
972
596
199
70
615
539
631
627
205
561
992
704
982
871
793
270
771
32
851
420
534
730
553
733
637
126
961
98
40
998
446
11
593
996
432
208
886
62
186
90
974
177
793
308
47
938
577
170
321
780
589
854
861
141
587
498
619
547
947
658
545
392
20
489
387
452
48
272
865
233
713
191
761
858
850
808
795
778
329
115
909
917
320
770
410
906
267
28
805
213
37
701
957
56
189
343
859
589
967
76
821
31
266
582
888
467
741
34
244
69
148
153
337
820
922
746
725
540
773
881
752
809
581
708
217
122
403
75
710
721
150
882
751
767
815
991
585
907
24
829
327
524
333
664
343
606
409
67
145
534
300
896
342
880
956
910
1
358
985
62
430
486
944
532
605
758
522
189
665
546
369
343
69
53
6
411
658
415
829
802
300
128
50
993
360
5
903
360
714
239
422
143
724
717
674
680
474
548
221
490
93
589
833
161
642
190
923
299
956
103
453
255
231
502
248
590
506
150
301
571
388
74
65
463
790
90
143
616
637
715
457
729
303
641
241
296
831
515
947
786
618
399
41
200
252
288
141
109
789
441
679
528
515
95
990
304
184
484
271
821
198
728
901
853
368
494
500
198
8
798
336
625
196
376
824
799
15
964
907
155
757
937
682
271
31
23
926
215
859
549
387
408
276
639
260
643
132
112
193
140
909
528
116
457
255
940
255
621
255
162
775
363
450
808
633
481
830
911
47
688
811
785
96
86
423
707
80
555
170
624
46
79
503
161
535
109
452
141
729
59
654
855
421
104
662
406
936
492
668
982
531
478
118
978
563
540
37
994
446
206
618
843
284
120
4
170
229
807
311
309
865
316
164
286
419
825
43
706
668
710
39
551
187
156
528
101
48
564
94
493
122
711
336
405
183
691
927
763
497
589
71
714
904
586
351
675
411
393
380
430
102
771
980
640
926
860
740
973
775
833
818
896
896
505
653
430
547
931
192
395
519
614
108
774
200
458
800
962
202
532
391
303
302
723
942
227
582
33
552
708
866
721
604
113
225
608
542
123
538
733
517
56
346
625
181
545
434
981
506
988
512
249
642
813
971
936
391
904
968
294
963
833
14
566
945
590
525
486
712
62
570
229
117
268
205
650
164
990
630
670
329
493
270
971
305
592
906
47
847
873
341
809
58
706
375
2
296
899
840
359
313
409
939
781
28
495
430
192
837
59
213
165
551
482
135
207
73
392
606
919
265
946
727
322
3
453
675
650
704
514
9
368
275
299
148
302
794
578
493
982
988
705
146
891
538
633
97
962
24
702
880
640
999
959
961
2
763
636
651
818
501
11
185
127
310
333
429
455
262
273
436
249
330
933
139
867
565
588
829
941
289
60
580
640
370
541
641
485
528
643
302
28
654
839
155
315
523
935
121
784
559
556
32
888
488
523
107
405
110
287
345
750
698
924
389
68
816
381
904
343
24
557
723
29
395
229
695
917
163
815
700
721
722
84
961
209
958
419
965
67
705
309
816
402
585
557
821
400
937
76
95
312
633
817
692
27
45
386
296
559
552
347
631
273
782
591
834
739
9
798
805
65
107
973
819
43
529
639
442
465
67
536
129
699
704
820
77
100
206
372
658
109
719
289
382
500
231
215
239
240
12
395
304
470
367
122
512
895
113
306
712
531
193
840
229
897
659
305
348
216
677
6
325
747
294
58
598
524
272
188
115
635
583
771
457
949
244
320
196
708
977
907
238
170
98
466
418
756
123
765
324
151
122
1000
897
415
57
846
291
680
34
757
666
616
527
122
916
771
794
111
830
770
369
68
291
466
885
60
574
7
825
897
157
946
896
405
713
952
603
355
631
636
111
648
603
990
770
870
760
915
981
589
684
701
8
327
167
893
386
740
251
562
988
760
860
883
516
924
186
118
278
168
753
740
815
707
729
936
577
840
850
909
781
886
609
788
212
127
32
949
218
635
511
205
394
370
439
909
645
624
27
922
791
131
13
958
838
742
893
766
581
743
674
361
980
634
501
191
761
884
491
330
518
1
535
911
722
325
820
366
301
198
639
443
680
652
400
517
745
293
634
325
387
307
38
366
941
890
908
53
773
398
382
291
751
268
201
472
945
372
190
245
921
180
687
601
183
87
469
927
731
103
604
117
761
993
834
53
882
741
105
654
138
839
296
888
458
849
712
402
572
253
998
493
432
685
93
615
771
913
893
501
15
496
969
128
488
802
180
721
542
637
727
31
827
22
271
284
222
334
38
794
586
35
286
369
719
730
983
841
642
228
693
9
723
661
136
563
814
667
283
355
303
9
738
129
383
8
413
604
693
802
397
278
836
34
646
907
115
981
99
109
208
792
469
282
452
604
844
266
622
479
972
925
839
61
53
573
68
817
177
760
970
925
389
806
311
387
64
425
367
162
885
926
953
353
207
757
308
51
374
930
881
697
854
719
758
258
292
177
427
820
289
396
96
29
553
406
415
616
183
781
130
419
706
434
772
265
542
431
667
267
360
547
964
565
617
73
175
260
601
601
79
889
348
527
270
901
284
684
868
818
817
997
237
874
783
360
138
324
790
804
591
502
702
906
418
319
330
944
578
930
544
9
171
892
535
440
144
818
475
11
636
291
360
872
165
142
583
654
817
372
458
407
225
159
664
995
829
993
938
407
923
834
415
445
725
301
884
220
118
358
230
753
1
941
976
165
82
558
170
899
282
979
657
858
490
321
852
318
665
790
76
587
623
490
383
699
790
266
270
260
976
499
364
976
792
340
492
225
249
661
475
882
640
132
740
129
804
943
798
468
84
874
407
706
715
789
756
505
407
25
116
382
876
479
709
667
818
552
891
419
564
718
300
555
849
391
35
4
334
833
471
417
706
229
475
772
18
582
628
776
607
743
509
834
222
217
852
391
120
94
809
683
811
461
238
659
203
624
14
888
456
485
305
513
65
131
285
82
712
912
209
670
7
717
855
228
933
706
618
404
800
779
87
610
591
676
621
793
299
634
681
107
470
337
971
535
467
255
968
530
519
529
552
525
245
406
104
530
464
721
933
263
851
19
224
441
46
196
234
345
182
914
803
3
602
773
889
420
380
209
949
250
737
852
774
981
610
229
510
73
301
443
687
152
813
262
592
859
458
177
555
991
442
357
345
43
129
234
462
508
442
763
757
530
614
882
510
223
110
372
647
411
166
333
914
978
595
857
188
404
34
742
746
475
98
90
518
579
323
331
438
116
93
547
645
59
428
507
633
890
878
280
652
395
964
565
372
558
421
560
313
806
653
58
281
751
148
150
681
822
832
118
938
277
664
934
335
444
440
967
333
669
598
336
63
562
252
787
119
24
698
784
830
350
841
462
452
340
963
132
162
146
602
451
422
265
384
756
708
176
75
392
196
672
79
611
233
330
397
704
706
446
487
887
795
679
348
599
19
662
82
532
807
683
982
581
948
717
336
7
892
410
751
440
434
829
50
666
511
798
721
568
243
207
454
389
238
153
339
256
814
421
139
972
455
120
552
754
836
240
761
80
1
863
519
434
43
920
452
905
69
172
472
663
731
925
403
968
77
742
575
242
514
713
566
968
832
469
722
19
708
834
450
709
48
320
494
90
239
945
995
659
117
466
321
847
743
724
166
819
817
740
413
330
804
978
649
987
446
722
5
506
555
807
566
602
126
59
44
717
356
38
375
472
855
48
670
597
771
187
768
939
926
180
620
81
157
268
67
954
990
71
811
896
229
376
850
355
435
893
71
790
282
797
613
136
844
634
733
966
820
500
904
97
31
523
177
539
143
595
492
484
665
303
731
246
30
580
600
816
824
22
605
105
818
569
241
14
554
325
979
725
176
235
173
206
109
349
744
251
943
587
86
960
241
817
205
623
396
156
438
220
177
395
676
346
963
916
711
869
592
690
593
767
276
766
324
384
466
419
987
761
358
72
72
950
888
628
572
636
783
10
207
311
404
882
8
718
150
719
586
741
760
179
860
35
296
535
418
761
954
756
873
663
828
944
612
67
571
184
54
705
193
260
15
948
494
375
665
643
93
603
735
852
133
594
238
428
129
7
540
434
763
413
96
942
356
707
360
279
242
414
983
786
25
350
733
518
76
398
160
168
352
895
371
484
840
608
911
320
614
802
753
728
214
848
669
922
907
29
552
148
442
886
934
818
235
666
336
310
415
847
829
766
741
199
601
933
158
511
252
124
313
5
851
878
204
520
151
110
900
702
610
693
588
895
510
174
560
845
836
327
692
16
444
784
567
45
716
724
907
320
847
571
324
50
801
879
569
951
341
820
5
950
512
944
844
21
469
755
866
304
433
909
320
229
692
886
625
760
961
531
79
160
102
754
209
254
632
129
204
972
948
560
273
459
503
468
479
972
223
696
627
7
604
298
235
648
535
859
407
496
742
485
7
195
238
215
448
221
695
3
193
642
563
817
452
65
285
282
388
859
978
367
865
933
664
452
580
199
662
986
46
403
822
52
597
411
618
396
632
312
399
176
305
961
992
108
377
628
389
117
486
718
483
703
651
146
154
230
696
167
568
741
570
741
792
518
152
761
914
135
72
312
310
728
624
653
835
1000
281
576
468
766
293
950
820
943
96
973
525
791
140
92
884
61
832
27
930
335
788
843
469
211
506
130
939
481
135
125
481
415
700
300
532
993
250
352
287
697
676
811
839
167
902
722
579
86
749
509
420
888
351
241
98
209
370
388
689
856
865
521
270
564
821
154
908
70
857
195
766
884
5
956
51
907
678
629
344
778
137
115
665
840
355
762
48
77
502
88
932
366
609
554
929
781
707
189
202
915
383
319
798
387
274
848
645
951
829
340
728
317
455
744
156
809
858
555
237
359
643
169
724
603
74
4
735
780
192
936
46
926
254
843
665
527
43
661
830
871
1
909
187
455
653
695
615
862
249
852
220
243
372
295
197
445
298
283
576
842
218
621
119
823
463
783
702
857
444
531
79
444
791
266
250
795
312
864
656
912
715
875
155
438
521
703
882
819
986
457
12
555
77
130
378
892
913
79
748
708
961
179
151
103
796
752
898
107
615
905
18
682
132
524
119
652
227
353
822
564
809
833
118
238
315
847
129
579
277
228
286
589
758
788
692
553
539
589
659
153
845
29
186
976
552
657
628
130
9
449
45
817
634
163
406
948
361
886
526
638
466
811
226
223
598
917
776
488
857
434
640
702
462
178
29
366
834
656
495
842
457
540
10
90
54
416
389
766
301
914
403
766
76
981
989
25
249
116
512
458
549
503
511
363
32
539
80
865
195
574
58
3
465
68
92
870
835
480
636
487
745
390
253
820
722
593
196
971
708
707
428
608
561
938
322
593
828
753
809
374
679
867
376
143
286
819
365
120
298
352
606
394
741
210
565
463
154
760
785
213
818
212
173
379
501
846
323
680
599
131
54
277
997
781
771
282
600
135
753
249
838
711
643
579
920
207
393
426
319
177
638
136
740
162
866
592
8
188
271
606
319
676
234
667
457
4
949
56
491
53
656
328
763
298
258
35
857
650
460
175
178
449
310
269
611
176
212
618
715
835
575
33
510
160
700
318
515
1000
373
5
52
29
685
167
678
942
201
534
944
660
60
473
108
370
742
70
897
953
39
611
787
613
996
649
124
47
966
639
46
691
995
449
71
679
615
748
621
815
634
916
826
693
388
286
414
481
355
662
786
394
625
572
358
620
572
482
18
890
120
63
580
466
863
650
145
830
749
117
996
734
32
822
779
771
107
192
252
461
206
37
206
830
960
564
801
532
45
818
421
516
232
352
981
446
353
477
275
101
593
623
187
976
444
965
747
902
508
998
714
713
386
920
894
345
483
46
228
879
215
1000
746
446
351
726
892
55
555
518
508
147
140
694
475
935
658
221
188
517
570
902
582
307
173
475
651
7
873
231
885
87
230
630
533
933
707
776
339
613
645
846
760
785
539
586
71
548
158
259
65
79
512
646
385
684
472
387
690
344
617
926
783
199
907
667
483
965
794
821
578
438
667
689
574
557
274
645
105
783
255
169
861
766
166
245
801
989
631
842
685
600
767
467
150
25
133
632
341
926
804
270
363
822
958
289
379
583
285
483
365
539
3
225
304
520
821
456
508
804
297
192
403
415
10
552
439
142
535
131
419
690
401
134
512
710
422
890
293
706
724
9
596
78
234
251
949
406
706
808
209
2
1000
611
416
361
514
206
503
400
688
273
90
88
406
953
798
179
194
442
236
917
450
831
346
35
81
294
441
138
453
649
139
452
612
906
165
477
463
667
229
503
291
318
590
697
622
739
227
815
180
463
83
630
293
780
16
726
425
456
863
877
457
354
329
420
611
845
896
426
511
476
928
153
145
869
201
766
960
428
580
139
890
14
120
534
793
136
259
217
943
474
94
751
179
774
170
141
618
418
918
480
893
197
632
38
66
833
155
25
260
735
515
501
748
987
34
893
474
645
109
416
470
202
167
1000
327
688
140
944
105
58
423
998
606
407
387
671
239
541
47
850
627
914
350
727
900
735
619
373
379
727
140
848
281
306
847
607
994
339
903
450
748
325
799
353
83
185
376
673
78
422
522
704
335
223
782
586
958
400
958
688
479
98
888
111
755
86
69
100
424
971
550
523
648
348
876
730
885
603
403
962
376
276
17
63
851
799
648
808
550
958
847
28
407
734
138
161
172
559
613
595
529
162
470
176
861
697
906
97
299
660
58
674
287
75
736
137
225
384
296
774
693
143
154
99
228
643
259
399
201
223
346
730
384
815
905
597
863
162
693
161
173
103
834
460
529
922
596
753
657
244
878
349
386
31
447
965
674
57
364
226
280
61
955
15
227
212
963
89
725
656
249
898
110
434
357
638
355
304
742
363
547
619
711
284
2
157
249
675
566
964
900
845
376
207
859
602
418
822
690
142
829
290
391
938
723
99
927
430
403
668
792
301
638
855
585
639
363
185
665
928
148
917
124
523
475
335
476
892
156
517
385
336
806
776
625
880
226
903
309
628
922
453
281
559
307
217
550
21
401
214
949
900
482
72
774
956
406
249
199
913
765
936
600
922
711
576
801
288
478
462
916
399
266
548
958
924
764
859
944
164
72
244
415
906
316
188
861
73
788
412
338
904
347
937
825
409
865
625
696
342
438
963
741
703
510
50
626
273
908
570
788
331
813
202
236
480
389
449
905
528
860
242
431
558
530
607
966
394
232
661
88
21
624
828
724
485
229
701
758
136
622
545
818
787
99
406
266
839
854
522
367
65
763
149
622
645
756
939
390
339
951
477
359
574
304
434
411
884
135
168
371
756
64
189
542
162
946
160
1
799
681
719
215
444
867
188
440
622
478
829
960
428
306
671
354
961
104
764
845
238
931
567
346
346
755
887
860
52
46
212
850
79
930
416
874
148
955
313
770
432
141
81
860
798
103
213
759
207
328
955
796
610
521
141
955
628
380
814
679
777
377
881
855
306
648
728
454
603
40
575
386
533
7
597
330
110
809
440
668
136
394
815
97
915
308
52
894
687
217
572
815
594
804
670
251
452
749
56
406
141
982
791
673
341
388
354
802
548
794
469
36
187
283
132
453
590
535
346
628
752
270
443
697
425
464
947
876
212
355
633
352
336
424
24
676
163
378
477
62
171
297
97
709
932
581
162
873
115
859
501
218
480
295
914
905
758
213
780
969
567
413
673
254
188
696
282
702
425
758
763
947
407
212
8
338
792
169
562
906
379
62
476
859
708
389
763
465
953
894
786
519
658
458
125
845
505
406
898
282
515
661
228
921
872
235
610
15
755
172
272
134
585
747
992
293
488
106
757
440
999
894
311
657
351
435
853
856
840
751
137
706
763
716
627
986
303
588
1000
57
759
623
542
344
370
885
636
857
990
744
648
341
638
958
997
340
392
201
547
583
951
35
641
65
103
267
50
405
206
401
813
965
24
707
660
745
591
647
953
933
390
600
273
379
558
621
71
301
821
617
236
124
652
876
188
754
494
238
510
699
990
322
15
365
380
674
109
971
320
61
255
62
13
879
792
922
499
862
222
671
479
809
794
482
36
982
587
881
571
448
932
912
121
946
277
501
972
385
823
291
798
77
704
810
307
496
731
805
357
304
827
187
465
621
20
500
954
606
733
524
405
664
435
526
609
711
26
580
448
848
223
245
276
926
406
582
773
488
738
482
791
564
668
255
536
40
107
489
997
839
364
402
854
799
927
814
861
952
394
660
151
968
256
778
245
661
359
18
148
448
499
291
363
518
897
899
557
3
387
554
193
751
955
398
901
233
212
113
536
605
773
38
924
28
815
168
41
525
537
188
972
35
478
334
905
727
584
461
729
971
366
