int_aleatorio
2678126
3682918
4467396
4921488
9817096
9831074
1126514
8597180
2405747
6177557
920113
4123176
9563719
7105800
3765196
3237055
344054
8312911
5726023
593401
5831342
2244298
5694346
1178530
8697304
8837241
8363271
3803278
3391256
4143319
8112316
6069381
342588
5096064
3507221
159683
7443489
4633734
8756862
2365587
3327642
9676974
9005114
5407713
6782774
2770309
8644767
9643179
3599571
6887142
2752932
9430913
9131439
8447277
609442
345094
9800869
1489064
4148371
3192125
8148734
4777039
1777857
8491321
2389454
5285077
8651004
2349294
2435163
9924217
4714880
5762804
2117543
3719993
1170516
8900316
9006653
2331635
1059846
2606224
1735128
6329129
4553488
3382918
4776405
7679281
3728011
7093626
1684696
392734
285750
9833430
7686124
4579958
8324750
2591929
2381387
9492105
4941222
4816549
9416322
9656101
3095704
1533864
5892445
6782572
2950531
7415449
1630558
6526728
21672
3365685
2855857
7091511
6748602
148613
7287143
2992964
7242238
8971839
5902049
44339
1321620
3588172
7140649
9646369
6180100
9522035
1654826
3637673
4338583
1071147
5810125
9950638
5121362
1702569
6733209
8071892
9118018
8363766
7114971
1656041
4245802
9970827
1263904
994403
2635792
8551046
6503719
2394381
7522884
2405767
4955072
1360855
8510291
2095720
1007224
7206742
1617754
5178401
3360767
8472688
8765899
9170891
8423325
3887260
873460
7672886
4475503
2507829
8553003
1590473
4163869
2798805
4077652
5427772
3793207
9229795
6495170
2813277
1624175
4018053
5219044
9095598
7895260
6245686
1191317
1418835
5968779
5325422
6597235
9329545
3798109
5363133
8500436
4737786
9250392
1890247
4927023
3725894
4398075
3480025
7832718
1078295
6278829
4426721
9022419
2588388
3656515
5517588
5401664
7797042
2051992
3137059
6892639
9947251
1899096
600308
1366085
7867875
5925729
479671
9713771
2240190
5842803
730558
9494327
5093194
2620804
4421349
1335439
9535230
7901373
1684509
3129877
6696554
6111229
2152295
9284941
9767744
186234
4686604
81137
4754577
7823663
6973775
4701828
9722758
7574082
8584264
106984
6016163
9063935
9820755
772704
4906737
551312
267030
2516283
5688468
7204730
6368073
5223697
7622454
568933
869925
4319007
6680162
3022219
3603947
8964257
5724804
806903
9045393
479381
1146917
8535519
7697560
3386026
6109601
6281823
3493010
4642115
7862109
5830116
5414818
5285198
6381427
8198199
7801480
2069894
5402928
6685904
9809943
3025381
7254837
679867
9860740
6451350
6218438
3464686
5415606
4459593
6787940
6977350
4938973
7934856
5512868
2636532
1320882
4138820
1434707
7330243
8780934
9296815
3160358
6712103
4582012
9541784
4910301
4899843
4128030
313228
4102099
6454324
5854961
1356935
9650542
5715700
7808284
5868979
1696737
5740241
2844924
8484677
2717590
7783896
8935884
8230457
2936780
2773117
2369277
6887838
103359
3666562
6184652
3263716
378665
3283016
5321852
5288965
699210
1966233
8118545
4801308
8420556
3973505
6158242
8071097
9689204
6482877
6456428
1385940
2223117
9301351
2386968
7457058
9601598
1322852
8203867
5054729
4095968
573143
1942566
6715679
6756056
643570
9979394
7134720
6442937
5301245
4940037
7142146
9783829
3058581
1943454
8204384
9548437
618047
8791833
9237640
9617276
7764612
3139931
4356744
9582314
8043251
1813802
9183911
9366102
2534020
6754992
5978421
5623514
8697557
2694099
2379569
9341126
5189845
2030641
8300414
3007441
6970677
5442560
2791270
2545609
9902365
995653
4610397
3036763
2303837
3848036
5170390
68448
9504318
9527134
9650761
7547568
3857287
1351024
9430021
6391306
8106015
7924794
2014819
6803571
3135244
6910739
8661049
8325088
8941379
9477814
1332529
8428407
4920373
6640150
3490367
7339089
7635802
8100763
2892204
2455991
4465150
8062593
2524438
3969468
106078
4691551
4033387
3963364
6042574
5979760
2871021
4148588
3904553
7402191
3468510
9556148
6829282
4645910
7881236
5770660
4123724
1730116
6715419
1560448
8370265
2722137
1415889
8522418
822900
4308092
978408
5288049
2370684
6019198
1773868
4993114
710748
8323607
8956477
6753321
6819718
4343850
3418260
724270
4262392
9403121
280417
1091673
6565383
678004
9378685
3205458
2408119
6094103
7282257
3294735
8816239
8698145
1817153
2155490
5522588
2795560
9959891
409624
8814757
4250110
5402737
9525504
5090068
6875565
8795176
1909785
3735766
4729787
5150406
7998158
6649260
7947175
1606182
3214642
8625178
984866
8936451
3549649
9595320
6218707
6844383
927911
7433204
1177887
5599752
2955791
3973447
5559642
5881766
5304555
2326104
1284502
7346411
7416171
8160067
8657938
9325956
1895832
3387725
4476361
2410341
2553336
2423535
4016523
5767977
3565065
7517740
7220779
9631065
9629412
3439485
6475447
557322
3389040
169686
8673425
8861183
4143132
4233067
4742948
1964038
6559170
6027450
1826800
6491692
6703868
484738
5817647
1116051
6388814
2810360
6042744
8942149
7750246
2575618
7226477
1315310
93357
4447255
3462726
9722768
403091
2454525
2796441
3792131
2624210
1469866
2653313
9283693
8219284
9912612
1247730
7294805
8456413
5590882
3786496
5160280
6075619
2120495
8792683
2464432
4930854
4835426
3922932
2681099
7411043
1149408
6512761
20751
5596662
2491838
2259871
8516104
4946362
7572663
4824586
7570571
1558880
9994250
6854263
9778163
9906862
618345
7072967
8363274
6209226
3375815
6039906
4801196
5496309
4832588
9781979
2943514
2184365
3704910
8140964
2111759
4854317
7170076
4648861
2967330
9661914
6908731
3999785
4608275
4481394
8824371
4695198
8556625
8818620
4065812
8334788
8725481
4684156
7924106
9605107
3409733
3816272
8161364
727280
9312580
2993951
509258
2256093
7694667
4214167
397057
2322777
1584835
83484
6971637
4552164
9745397
3880368
8551949
4353672
878113
7376319
9048869
9434737
8711290
3114680
285876
9953123
315188
726334
9558229
6241272
4542605
7719592
9484904
3855185
3229894
9994161
8627629
3440912
4208328
1541037
5763688
5793162
1624521
2735324
2861678
1369917
9132043
3929978
8239940
2526507
3822648
9805160
4477596
2533937
5436192
4763471
2487059
8267731
8006156
4561639
7025354
2548761
4797582
6510257
8920297
543827
6504418
7547925
6501090
3229097
1605314
2264777
1538610
5746186
7516453
4400287
9632454
9164847
846616
7872394
1691354
4669263
193905
6168949
9719552
5630096
3448771
2206610
6414178
1454927
9284601
3439532
6520039
6598534
9949788
5440335
9658713
8970557
5504611
6159802
2199653
7109924
940931
6254615
5372461
8457383
654901
5004915
138581
1501517
5393660
1829934
8687131
5587564
515234
8406682
3734012
3964005
3129644
148189
7935283
4930596
6104072
4455321
1529129
8570212
9895655
3704193
7540768
5400265
2380347
2256773
5026541
3321277
8511387
399001
4295011
9166287
7920267
4433591
3184155
3313926
6263525
4387638
1417842
9295110
2794319
7668205
3259114
5923962
332745
3710748
3370909
6436817
8166068
7416390
5007028
578074
1120582
2547795
8494691
3500928
7320919
3521231
9338556
5832305
6436583
3633566
7514944
6873202
583509
3215450
2703479
9363385
7603087
4121320
8658494
397406
4305876
4433960
8837719
4638621
8144707
4724980
1075437
6310775
2141369
8598816
9405200
3261950
3662962
7899890
9279230
983881
3937472
8617785
6816185
374055
4767703
4331128
7247256
5351211
7546578
9950734
4714595
5149664
6588406
3373088
8063421
894281
7807047
9417492
8049253
8468106
4142471
9124689
7295232
8800191
239856
6700431
2062140
3902818
4600321
3857721
4886698
8537792
2475506
1702882
1428198
9759560
6034010
1191805
5110770
6096939
3658891
2341716
1246602
2763648
5714803
1826375
6174280
6038202
3760218
4223533
7022659
419040
5864573
4317890
9219230
6104429
1018320
3797721
7246
8134992
7655442
4893943
9189136
2647299
9113176
617333
2406858
5147185
4325490
33979
3760475
500732
2375694
7523429
3264379
606848
9349803
9438658
9161401
5626372
6178542
6184059
6045411
2043115
501948
5264640
8147543
1520268
1578712
8154788
9655259
9234153
5565082
1360746
4397803
4678257
1978079
6804660
2341794
8819920
6838638
6102268
9320651
1730683
3625696
5101381
2337531
5491850
7056390
1498931
3634573
3234932
7682990
9679983
5278046
8184937
7460974
5941940
2221556
9039686
6613079
4393167
790190
2178160
5753912
5187993
9372768
248342
1992652
4230913
