95 ordenado
23.314046999985294	23.387025999909383	23.14899399971182	
2326.7274119998547	2298.0431410001074	2299.7525010000572	
247931.71864599982	246417.1685250003	244870.8593389997	
//500000 muito demorado 
24.472826999954123	22.999463999440195	23.028334000628092	
2185.2437190000273	2166.3824930001283	2176.585207000244	
305189.39994099946	298731.87755300023	304391.21643900033	
//500000 muito demorado

int_aleatorio
45.59112999777426	44.65331900064484	44.56052000023192	
3779.843259999325	3784.7846019976714	3769.986086001154	
400359.17837799934	411590.36339799786	417058.32753800135	
//500000 muito demorado
40.28368100262014	38.70072599966079	35.441653002635576	
3714.5970560013666	3917.8797400018084	3941.040517001966	
420462.73457999993	410802.39162499853	407759.69194600114	
//500000 muito demorado

int_decrescente
54.598699000052875	51.43412200050079	47.56657500183792	
4842.160259999218	4925.674800997513	4861.363715001062	
265536.29532799823	265469.82095700153	265074.3518400013	
//500000 muito demorado
54.351044997019926	50.69869100043434	46.91689200262772	
4869.428452999273	4873.791726000491	4896.56976599872	
497359.6485569979	497587.598397	497000.82134900003
