95 ordenado
6.592826000087371	6.534645000101591	6.447839999964344	
45.27564099953452	47.22390999995696	45.09015500025271	
24378.076271999817	25731.95299800045	25077.612230999875
//segmentation fault
69.17832599992835	72.89057399975718	80.67689399922529	
5849.0104170005	5387.236121000569	5543.586327999947	
3667.5765429999956	3753.096270000242	4007.75327700012	
23866.05883900029	23664.66181800024	21771.434428000248	

int_aleatorio
1.2485800007198122	1.2180829999124398	1.2034340006721322	
14.412791999347974	14.477071999863256	14.437677000387339	
187.65455500033568	181.33238700011134	184.25388899959216	
1456.2825969996993	1420.3144639996026	1420.7964040006118	
1.1014809997504926	1.0989560005327803	1.070873000571737	
15.282760999980383	15.152764999584178	15.513620999627165	
194.17179099946225	193.80812000053993	195.20908499998768	
1169.8078680001345	1273.540397999568	1258.1264930004181	

int_decrescente
44.63552200104459	39.42107299735653	39.02433999974164	
4100.1757769990945	3937.9081430015503	3933.884340000077	
segmentation fault
segmentation fault
40.6569339975249	40.27886100084288	39.798894998966716	
